"Dstat 0.7.2 CSV output"
"Author:","Dag Wieers <dag@wieers.com>",,,,"URL:","http://dag.wieers.com/home-made/dstat/"
"Host:","Leibniz",,,,"User:","root"
"Cmdline:","dstat --cpu --disk --page --int --load --mem --proc --io --swap --time --sys --aio --fs --ipc --lock --raw --socket --unix --vm --output /root/ImpressionOfES3000/02_benchmark_fio/executed.Leibniz.20140730_032135.6911/dstat.job.hioa1.ext4.sync.randwrite.bs2k.j8.depth32.csv",,,,"Date:","01 Aug 2014 05:28:57 JST"

"total cpu usage",,,,,,"dsk/total",,"paging",,"interrupts",,,"load avg",,,"memory usage",,,,"procs",,,"io/total",,"swap",,"system","system",,"async","filesystem",,"sysv ipc",,,"file locks",,,,"raw","sockets",,,,,"unix sockets",,,,"virtual memory",,,
"usr","sys","idl","wai","hiq","siq","read","writ","in","out","141","142","143","1m","5m","15m","used","buff","cach","free","run","blk","new","read","writ","used","free","time","int","csw","#aio","files","inodes","msg","sem","shm","pos","lck","rea","wri","raw","tot","tcp","udp","raw","frg","dgm","str","lis","act","majpf","minpf","alloc","free"
0.038,0.093,99.577,0.285,0.000,0.007,8556032.648,4965274.056,0.0,0.0,391.446,391.446,391.446,8.0,7.990,7.860,631087104.0,135258112.0,3154325504.0,1.31310399488e+11,0.000,0.0,0.259,3483.042,2371.790,0.0,4294963200.0,01-08 05:28:57,5553.302,11655.302,0.0,192.0,259341.0,0.0,0.0,3.0,0.0,0.0,0.0,0.0,0.0,87.0,3.0,0.0,0.0,0.0,2.0,4.0,2.0,2.0,0.000,145.795,74.669,88.322
0.250,0.125,97.163,2.461,0.0,0.0,0.0,28348416.0,0.0,0.0,865.0,865.0,865.0,8.0,7.990,7.860,632168448.0,135258112.0,3154702336.0,1.31308941312e+11,0.0,1.0,9.0,0.0,13842.0,0.0,4294963200.0,01-08 05:28:58,17574.0,28561.0,0.0,192.0,259350.0,0.0,0.0,3.0,0.0,0.0,0.0,0.0,0.0,87.0,3.0,0.0,0.0,0.0,2.0,4.0,2.0,2.0,0.0,1426.0,868.0,398.0
0.0,0.084,99.916,0.0,0.0,0.0,0.0,33345536.0,0.0,0.0,1018.0,1018.0,1017.0,8.0,7.990,7.860,632795136.0,135258112.0,3154702336.0,1.31308314624e+11,0.0,1.0,0.0,0.0,16304.0,0.0,4294963200.0,01-08 05:28:59,16679.0,33290.0,0.0,192.0,259350.0,0.0,0.0,3.0,0.0,0.0,0.0,0.0,0.0,87.0,3.0,0.0,0.0,0.0,2.0,4.0,2.0,2.0,0.0,10.0,30.0,30.0
0.125,0.209,99.624,0.042,0.0,0.0,0.0,35405824.0,0.0,0.0,1016.0,1016.0,1017.0,8.0,7.990,7.860,632700928.0,135258112.0,3154444288.0,1.3130866688e+11,1.0,0.0,0.0,0.0,16270.0,0.0,4294963200.0,01-08 05:29:00,16685.0,33265.0,0.0,192.0,259350.0,0.0,0.0,3.0,0.0,0.0,0.0,0.0,0.0,87.0,3.0,0.0,0.0,0.0,2.0,4.0,2.0,2.0,0.0,10.0,310.0,287.0
0.125,0.292,99.583,0.0,0.0,0.0,0.0,33198080.0,0.0,0.0,1013.0,1013.0,1013.0,8.0,7.990,7.860,632700928.0,135258112.0,3154444288.0,1.3130866688e+11,0.0,1.0,0.0,0.0,16211.0,0.0,4294963200.0,01-08 05:29:01,16601.0,33118.0,0.0,192.0,259350.0,0.0,0.0,3.0,0.0,0.0,0.0,0.0,0.0,87.0,3.0,0.0,0.0,0.0,2.0,4.0,2.0,2.0,0.0,10.0,32.0,31.0
0.0,0.0,100.0,0.0,0.0,0.0,0.0,33607680.0,0.0,0.0,1025.0,1025.0,1025.0,8.0,7.990,7.860,632946688.0,135258112.0,3154706432.0,1.31308158976e+11,0.0,1.0,0.0,0.0,16398.0,0.0,4294963200.0,01-08 05:29:02,16768.0,33473.0,0.0,192.0,259350.0,0.0,0.0,3.0,0.0,0.0,0.0,0.0,0.0,87.0,3.0,0.0,0.0,0.0,2.0,4.0,2.0,2.0,0.0,10.0,31.0,31.0
0.042,0.125,99.833,0.0,0.0,0.0,0.0,33284096.0,0.0,0.0,1016.0,1016.0,1016.0,8.0,7.990,7.860,632946688.0,135258112.0,3154706432.0,1.31308158976e+11,0.0,1.0,0.0,0.0,16264.0,0.0,4294963200.0,01-08 05:29:03,16644.0,33222.0,0.0,192.0,259350.0,0.0,0.0,3.0,0.0,0.0,0.0,0.0,0.0,87.0,3.0,0.0,0.0,0.0,2.0,4.0,2.0,2.0,0.0,10.0,30.0,30.0
0.0,0.125,99.833,0.042,0.0,0.0,0.0,33157120.0,0.0,0.0,1012.0,1012.0,1012.0,8.0,7.990,7.860,632946688.0,135258112.0,3154706432.0,1.31308158976e+11,0.0,1.0,0.0,0.0,16184.0,0.0,4294963200.0,01-08 05:29:04,16558.0,33051.0,0.0,192.0,259350.0,0.0,0.0,3.0,0.0,0.0,0.0,0.0,0.0,87.0,3.0,0.0,0.0,0.0,2.0,4.0,2.0,2.0,0.0,10.0,31.0,31.0
0.042,0.084,99.875,0.0,0.0,0.0,0.0,33648640.0,0.0,0.0,1027.0,1026.0,1026.0,8.0,7.990,7.860,632946688.0,135258112.0,3154706432.0,1.31308158976e+11,0.0,1.0,0.0,0.0,16430.0,0.0,4294963200.0,01-08 05:29:05,16802.0,33537.0,0.0,192.0,259350.0,0.0,0.0,3.0,0.0,0.0,0.0,0.0,0.0,87.0,3.0,0.0,0.0,0.0,2.0,4.0,2.0,2.0,0.0,10.0,31.0,37.0
0.042,0.251,99.708,0.0,0.0,0.0,0.0,33613824.0,0.0,0.0,1025.0,1026.0,1026.0,8.0,7.990,7.860,632946688.0,135258112.0,3154706432.0,1.31308158976e+11,0.0,1.0,0.0,0.0,16414.0,0.0,4294963200.0,01-08 05:29:06,17029.0,33515.0,0.0,192.0,259350.0,0.0,0.0,3.0,0.0,0.0,0.0,0.0,0.0,87.0,3.0,0.0,0.0,0.0,2.0,4.0,2.0,2.0,0.0,10.0,31.0,31.0
0.167,0.209,99.625,0.0,0.0,0.0,0.0,33622016.0,0.0,0.0,1026.0,1026.0,1026.0,8.0,7.990,7.860,632942592.0,135258112.0,3154710528.0,1.31308158976e+11,0.0,1.0,0.0,0.0,16416.0,0.0,4294963200.0,01-08 05:29:07,16798.0,33498.0,0.0,192.0,259350.0,0.0,0.0,3.0,0.0,0.0,0.0,0.0,0.0,87.0,3.0,0.0,0.0,0.0,2.0,4.0,2.0,2.0,0.0,10.0,31.0,30.0
0.0,0.209,99.791,0.0,0.0,0.0,0.0,33075200.0,0.0,0.0,1010.0,1010.0,1010.0,8.0,7.990,7.860,632942592.0,135258112.0,3154710528.0,1.31308158976e+11,0.0,1.0,0.0,0.0,16150.0,0.0,4294963200.0,01-08 05:29:08,16527.0,32976.0,0.0,192.0,259350.0,0.0,0.0,3.0,0.0,0.0,0.0,0.0,0.0,87.0,3.0,0.0,0.0,0.0,2.0,4.0,2.0,2.0,0.0,10.0,30.0,30.0
0.125,0.125,99.749,0.0,0.0,0.0,0.0,33280000.0,0.0,0.0,1015.0,1015.0,1015.0,8.0,7.990,7.860,632782848.0,135258112.0,3154710528.0,1.3130831872e+11,0.0,1.0,0.0,0.0,16244.0,0.0,4294963200.0,01-08 05:29:09,16619.0,33165.0,0.0,192.0,259350.0,0.0,0.0,3.0,0.0,0.0,0.0,0.0,0.0,87.0,3.0,0.0,0.0,0.0,2.0,4.0,2.0,2.0,0.0,10.0,31.0,56.0
0.042,0.167,99.791,0.0,0.0,0.0,0.0,33427456.0,0.0,0.0,1020.0,1020.0,1020.0,8.0,7.990,7.860,632782848.0,135258112.0,3154710528.0,1.3130831872e+11,0.0,1.0,0.0,0.0,16322.0,0.0,4294963200.0,01-08 05:29:10,16694.0,33322.0,0.0,192.0,259350.0,0.0,0.0,3.0,0.0,0.0,0.0,0.0,0.0,87.0,3.0,0.0,0.0,0.0,2.0,4.0,2.0,2.0,0.0,10.0,30.0,30.0
0.042,0.292,99.666,0.0,0.0,0.0,0.0,33349632.0,0.0,0.0,1018.0,1018.0,1018.0,8.0,7.990,7.860,632782848.0,135258112.0,3154710528.0,1.3130831872e+11,0.0,1.0,0.0,0.0,16276.0,0.0,4294963200.0,01-08 05:29:11,16654.0,33216.0,0.0,192.0,259350.0,0.0,0.0,3.0,0.0,0.0,0.0,0.0,0.0,87.0,3.0,0.0,0.0,0.0,2.0,4.0,2.0,2.0,0.0,10.0,31.0,31.0
0.084,0.209,99.708,0.0,0.0,0.0,0.0,33812480.0,0.0,0.0,1032.0,1032.0,1031.0,8.0,7.990,7.860,632782848.0,135258112.0,3154710528.0,1.3130831872e+11,0.0,1.0,0.0,0.0,16516.0,0.0,4294963200.0,01-08 05:29:12,16900.0,33729.0,0.0,192.0,259350.0,0.0,0.0,3.0,0.0,0.0,0.0,0.0,0.0,87.0,3.0,0.0,0.0,0.0,2.0,4.0,2.0,2.0,0.0,10.0,30.0,30.0
0.042,0.125,99.791,0.042,0.0,0.0,0.0,33316864.0,0.0,0.0,1017.0,1016.0,1017.0,8.0,7.990,7.860,632782848.0,135258112.0,3154710528.0,1.3130831872e+11,0.0,1.0,0.0,0.0,16268.0,0.0,4294963200.0,01-08 05:29:13,16643.0,33221.0,0.0,192.0,259350.0,0.0,0.0,3.0,0.0,0.0,0.0,0.0,0.0,87.0,3.0,0.0,0.0,0.0,2.0,4.0,2.0,2.0,0.0,10.0,31.0,40.0
0.125,0.250,99.625,0.0,0.0,0.0,0.0,33468416.0,0.0,0.0,1021.0,1021.0,1021.0,8.0,7.990,7.870,632782848.0,135258112.0,3154710528.0,1.3130831872e+11,0.0,1.0,0.0,0.0,16338.0,0.0,4294963200.0,01-08 05:29:14,16712.0,33350.0,0.0,192.0,259350.0,0.0,0.0,3.0,0.0,0.0,0.0,0.0,0.0,87.0,3.0,0.0,0.0,0.0,2.0,4.0,2.0,2.0,0.0,10.0,30.0,30.0
0.083,0.458,99.459,0.0,0.0,0.0,0.0,33427456.0,0.0,0.0,1020.0,1021.0,1020.0,8.0,7.990,7.870,632782848.0,135258112.0,3154710528.0,1.3130831872e+11,0.0,1.0,0.0,0.0,16322.0,0.0,4294963200.0,01-08 05:29:15,16711.0,33324.0,0.0,192.0,259350.0,0.0,0.0,3.0,0.0,0.0,0.0,0.0,0.0,87.0,3.0,0.0,0.0,0.0,2.0,4.0,2.0,2.0,0.0,10.0,31.0,31.0
0.042,0.084,99.875,0.0,0.0,0.0,0.0,33378304.0,0.0,0.0,1018.0,1018.0,1019.0,8.0,7.990,7.870,632782848.0,135258112.0,3154710528.0,1.3130831872e+11,0.0,1.0,0.0,0.0,16294.0,0.0,4294963200.0,01-08 05:29:16,16661.0,33262.0,0.0,192.0,259350.0,0.0,0.0,3.0,0.0,0.0,0.0,0.0,0.0,87.0,3.0,0.0,0.0,0.0,2.0,4.0,2.0,2.0,0.0,10.0,30.0,30.0
0.083,0.209,99.708,0.0,0.0,0.0,0.0,33243136.0,0.0,0.0,1015.0,1015.0,1015.0,8.0,7.990,7.870,632782848.0,135258112.0,3154710528.0,1.3130831872e+11,0.0,1.0,0.0,0.0,16236.0,0.0,4294963200.0,01-08 05:29:17,16609.0,33141.0,0.0,192.0,259350.0,0.0,0.0,3.0,0.0,0.0,0.0,0.0,0.0,87.0,3.0,0.0,0.0,0.0,2.0,4.0,2.0,2.0,0.0,10.0,30.0,30.0
0.0,0.209,99.791,0.0,0.0,0.0,0.0,33431552.0,0.0,0.0,1020.0,1020.0,1020.0,8.0,7.990,7.870,632782848.0,135258112.0,3154710528.0,1.3130831872e+11,0.0,1.0,0.0,0.0,16324.0,0.0,4294963200.0,01-08 05:29:18,16696.0,33332.0,0.0,192.0,259350.0,0.0,0.0,3.0,0.0,0.0,0.0,0.0,0.0,87.0,3.0,0.0,0.0,0.0,2.0,4.0,2.0,2.0,0.0,10.0,31.0,34.0
0.042,0.209,99.749,0.0,0.0,0.0,0.0,33292288.0,0.0,0.0,1016.0,1016.0,1015.0,8.0,7.990,7.870,632778752.0,135258112.0,3154714624.0,1.3130831872e+11,0.0,1.0,0.0,0.0,16250.0,0.0,4294963200.0,01-08 05:29:19,16622.0,33172.0,0.0,192.0,259350.0,0.0,0.0,3.0,0.0,0.0,0.0,0.0,0.0,87.0,3.0,0.0,0.0,0.0,2.0,4.0,2.0,2.0,0.0,10.0,31.0,30.0
0.042,0.167,99.749,0.042,0.0,0.0,0.0,32997376.0,0.0,0.0,1007.0,1007.0,1007.0,8.0,7.990,7.870,632778752.0,135258112.0,3154714624.0,1.3130831872e+11,0.0,1.0,0.0,0.0,16112.0,0.0,4294963200.0,01-08 05:29:20,16489.0,32910.0,0.0,192.0,259350.0,0.0,0.0,3.0,0.0,0.0,0.0,0.0,0.0,87.0,3.0,0.0,0.0,0.0,2.0,4.0,2.0,2.0,0.0,10.0,31.0,31.0
0.084,0.209,99.708,0.0,0.0,0.0,0.0,33509376.0,0.0,0.0,1022.0,1022.0,1023.0,8.0,7.990,7.870,632778752.0,135258112.0,3154714624.0,1.3130831872e+11,0.0,1.0,0.0,0.0,16362.0,0.0,4294963200.0,01-08 05:29:21,16739.0,33407.0,0.0,192.0,259350.0,0.0,0.0,3.0,0.0,0.0,0.0,0.0,0.0,87.0,3.0,0.0,0.0,0.0,2.0,4.0,2.0,2.0,0.0,10.0,30.0,30.0
0.042,0.251,99.708,0.0,0.0,0.0,0.0,33349632.0,0.0,0.0,1018.0,1018.0,1018.0,8.0,7.990,7.870,632745984.0,135258112.0,3154714624.0,1.31308351488e+11,0.0,1.0,0.0,0.0,16284.0,0.0,4294963200.0,01-08 05:29:22,16664.0,33252.0,0.0,192.0,259350.0,0.0,0.0,3.0,0.0,0.0,0.0,0.0,0.0,87.0,3.0,0.0,0.0,0.0,2.0,4.0,2.0,2.0,0.0,10.0,31.0,46.0
0.042,0.084,99.875,0.0,0.0,0.0,0.0,33320960.0,0.0,0.0,1017.0,1017.0,1017.0,8.0,7.990,7.870,632745984.0,135258112.0,3154714624.0,1.31308351488e+11,1.0,0.0,0.0,0.0,16269.0,0.0,4294963200.0,01-08 05:29:23,16639.0,33219.0,0.0,192.0,259350.0,0.0,0.0,3.0,0.0,0.0,0.0,0.0,0.0,87.0,3.0,0.0,0.0,0.0,2.0,4.0,2.0,2.0,0.0,10.0,30.0,30.0
0.125,0.125,99.708,0.042,0.0,0.0,0.0,33406976.0,0.0,0.0,1019.0,1019.0,1019.0,8.0,7.990,7.870,632745984.0,135258112.0,3154714624.0,1.31308351488e+11,0.0,1.0,0.0,0.0,16305.0,0.0,4294963200.0,01-08 05:29:24,16680.0,33290.0,0.0,192.0,259350.0,0.0,0.0,3.0,0.0,0.0,0.0,0.0,0.0,87.0,3.0,0.0,0.0,0.0,2.0,4.0,2.0,2.0,0.0,10.0,31.0,31.0
0.083,0.458,99.459,0.0,0.0,0.0,0.0,33746944.0,0.0,0.0,1030.0,1030.0,1030.0,8.0,7.990,7.870,632745984.0,135258112.0,3154714624.0,1.31308351488e+11,0.0,1.0,0.0,0.0,16480.0,0.0,4294963200.0,01-08 05:29:25,16870.0,33649.0,0.0,192.0,259350.0,0.0,0.0,3.0,0.0,0.0,0.0,0.0,0.0,87.0,3.0,0.0,0.0,0.0,2.0,4.0,2.0,2.0,0.0,10.0,30.0,30.0
0.083,0.292,99.625,0.0,0.0,0.0,0.0,33480704.0,0.0,0.0,1022.0,1022.0,1021.0,8.0,7.990,7.870,632745984.0,135258112.0,3154714624.0,1.31308351488e+11,0.0,1.0,0.0,0.0,16346.0,0.0,4294963200.0,01-08 05:29:26,16727.0,33380.0,0.0,192.0,259350.0,0.0,0.0,3.0,0.0,0.0,0.0,0.0,0.0,87.0,3.0,0.0,0.0,0.0,2.0,4.0,2.0,2.0,0.0,10.0,31.0,33.0
0.083,0.250,99.666,0.0,0.0,0.0,0.0,33259520.0,0.0,0.0,1015.0,1015.0,1015.0,8.0,7.990,7.870,632745984.0,135258112.0,3154714624.0,1.31308351488e+11,0.0,1.0,0.0,0.0,16240.0,0.0,4294963200.0,01-08 05:29:27,16622.0,33172.0,0.0,192.0,259350.0,0.0,0.0,3.0,0.0,0.0,0.0,0.0,0.0,87.0,3.0,0.0,0.0,0.0,2.0,4.0,2.0,2.0,0.0,10.0,31.0,31.0
0.042,0.292,99.666,0.0,0.0,0.0,0.0,33255424.0,0.0,0.0,1015.0,1014.0,1015.0,8.0,7.990,7.870,632745984.0,135258112.0,3154714624.0,1.31308351488e+11,0.0,1.0,0.0,0.0,16236.0,0.0,4294963200.0,01-08 05:29:28,16614.0,33153.0,0.0,192.0,259350.0,0.0,0.0,3.0,0.0,0.0,0.0,0.0,0.0,87.0,3.0,0.0,0.0,0.0,2.0,4.0,2.0,2.0,0.0,10.0,30.0,30.0
0.125,0.334,99.541,0.0,0.0,0.0,0.0,33312768.0,0.0,0.0,1016.0,1017.0,1017.0,8.0,7.990,7.870,632745984.0,135258112.0,3154714624.0,1.31308351488e+11,0.0,1.0,0.0,0.0,16264.0,0.0,4294963200.0,01-08 05:29:29,16643.0,33208.0,0.0,192.0,259350.0,0.0,0.0,3.0,0.0,0.0,0.0,0.0,0.0,87.0,3.0,0.0,0.0,0.0,2.0,4.0,2.0,2.0,0.0,10.0,31.0,31.0
0.084,0.167,99.749,0.0,0.0,0.0,0.0,33349632.0,0.0,0.0,1018.0,1018.0,1017.0,8.0,7.990,7.870,632745984.0,135258112.0,3154714624.0,1.31308351488e+11,0.0,1.0,0.0,0.0,16284.0,0.0,4294963200.0,01-08 05:29:30,16662.0,33247.0,0.0,192.0,259350.0,0.0,0.0,3.0,0.0,0.0,0.0,0.0,0.0,87.0,3.0,0.0,0.0,0.0,2.0,4.0,2.0,2.0,0.0,10.0,31.0,31.0
0.083,0.292,99.583,0.042,0.0,0.0,0.0,33292288.0,0.0,0.0,1015.0,1015.0,1016.0,8.0,7.990,7.870,632745984.0,135258112.0,3154714624.0,1.31308351488e+11,1.0,0.0,1.0,0.0,16255.0,0.0,4294963200.0,01-08 05:29:31,16652.0,33211.0,0.0,192.0,259350.0,0.0,0.0,3.0,0.0,0.0,0.0,0.0,0.0,87.0,3.0,0.0,0.0,0.0,2.0,4.0,2.0,2.0,0.0,10.0,38.0,34.0
0.083,0.292,99.624,0.0,0.0,0.0,0.0,33378304.0,0.0,0.0,1019.0,1019.0,1019.0,8.0,7.990,7.870,632750080.0,135258112.0,3154718720.0,1.31308343296e+11,0.0,1.0,0.0,0.0,16296.0,0.0,4294963200.0,01-08 05:29:32,16684.0,33273.0,0.0,192.0,259350.0,0.0,0.0,3.0,0.0,0.0,0.0,0.0,0.0,87.0,3.0,0.0,0.0,0.0,2.0,4.0,2.0,2.0,0.0,10.0,31.0,30.0
0.125,0.292,99.583,0.0,0.0,0.0,0.0,33357824.0,0.0,0.0,1018.0,1018.0,1018.0,8.0,7.990,7.870,632750080.0,135258112.0,3154718720.0,1.31308343296e+11,0.0,1.0,0.0,0.0,16289.0,0.0,4294963200.0,01-08 05:29:33,16673.0,33256.0,0.0,192.0,259350.0,0.0,0.0,3.0,0.0,0.0,0.0,0.0,0.0,87.0,3.0,0.0,0.0,0.0,2.0,4.0,2.0,2.0,0.0,10.0,31.0,31.0
0.0,0.126,99.874,0.0,0.0,0.0,0.0,33439744.0,0.0,0.0,1020.0,1020.0,1020.0,8.0,7.990,7.870,632750080.0,135258112.0,3154718720.0,1.31308343296e+11,0.0,1.0,0.0,0.0,16313.0,0.0,4294963200.0,01-08 05:29:34,16681.0,33283.0,0.0,192.0,259350.0,0.0,0.0,3.0,0.0,0.0,0.0,0.0,0.0,87.0,3.0,0.0,0.0,0.0,2.0,4.0,2.0,2.0,0.0,10.0,30.0,36.0
0.083,0.334,99.583,0.0,0.0,0.0,0.0,35004416.0,0.0,0.0,1017.0,1017.0,1017.0,8.0,7.990,7.870,632840192.0,135258112.0,3154300928.0,1.31308670976e+11,1.0,1.0,0.0,0.0,16294.0,0.0,4294963200.0,01-08 05:29:35,16711.0,33304.0,0.0,192.0,259350.0,0.0,0.0,3.0,0.0,0.0,0.0,0.0,0.0,87.0,3.0,0.0,0.0,0.0,2.0,4.0,2.0,2.0,0.0,10.0,300.0,286.0
0.042,0.167,99.791,0.0,0.0,0.0,0.0,33540096.0,0.0,0.0,1024.0,1024.0,1023.0,8.0,7.990,7.870,632496128.0,135258112.0,3154718720.0,1.31308597248e+11,0.0,1.0,0.0,0.0,16374.0,0.0,4294963200.0,01-08 05:29:36,16759.0,33434.0,0.0,192.0,259350.0,0.0,0.0,3.0,0.0,0.0,0.0,0.0,0.0,87.0,3.0,0.0,0.0,0.0,2.0,4.0,2.0,2.0,0.0,10.0,31.0,31.0
0.042,0.209,99.708,0.0,0.0,0.042,0.0,33409024.0,0.0,0.0,1019.0,1019.0,1020.0,8.0,7.990,7.870,632496128.0,135258112.0,3154718720.0,1.31308597248e+11,0.0,1.0,0.0,0.0,16316.0,0.0,4294963200.0,01-08 05:29:37,16692.0,33305.0,0.0,192.0,259350.0,0.0,0.0,3.0,0.0,0.0,0.0,0.0,0.0,87.0,3.0,0.0,0.0,0.0,2.0,4.0,2.0,2.0,0.0,10.0,30.0,30.0
0.0,0.167,99.791,0.042,0.0,0.0,0.0,33378304.0,0.0,0.0,1019.0,1019.0,1019.0,8.0,7.990,7.870,632496128.0,135258112.0,3154718720.0,1.31308597248e+11,0.0,1.0,0.0,0.0,16295.0,0.0,4294963200.0,01-08 05:29:38,16673.0,33274.0,0.0,192.0,259350.0,0.0,0.0,3.0,0.0,0.0,0.0,0.0,0.0,87.0,3.0,0.0,0.0,0.0,2.0,4.0,2.0,2.0,0.0,10.0,31.0,33.0
0.042,0.334,99.625,0.0,0.0,0.0,0.0,33161216.0,0.0,0.0,1011.0,1011.0,1011.0,8.0,7.990,7.870,632496128.0,135258112.0,3154718720.0,1.31308597248e+11,0.0,1.0,0.0,0.0,16187.0,0.0,4294963200.0,01-08 05:29:39,16564.0,33046.0,0.0,192.0,259350.0,0.0,0.0,3.0,0.0,0.0,0.0,0.0,0.0,87.0,3.0,0.0,0.0,0.0,2.0,4.0,2.0,2.0,0.0,10.0,30.0,30.0
0.209,0.167,99.625,0.0,0.0,0.0,0.0,33574912.0,0.0,0.0,1025.0,1025.0,1025.0,8.0,7.990,7.870,632496128.0,135258112.0,3154718720.0,1.31308597248e+11,0.0,1.0,0.0,0.0,16394.0,0.0,4294963200.0,01-08 05:29:40,16773.0,33470.0,0.0,192.0,259350.0,0.0,0.0,3.0,0.0,0.0,0.0,0.0,0.0,87.0,3.0,0.0,0.0,0.0,2.0,4.0,2.0,2.0,0.0,10.0,31.0,31.0
0.0,0.0,100.0,0.0,0.0,0.0,0.0,33374208.0,0.0,0.0,1019.0,1018.0,1018.0,8.0,7.990,7.870,632496128.0,135258112.0,3154718720.0,1.31308597248e+11,0.0,1.0,0.0,0.0,16296.0,0.0,4294963200.0,01-08 05:29:41,16663.0,33263.0,0.0,192.0,259350.0,0.0,0.0,3.0,0.0,0.0,0.0,0.0,0.0,87.0,3.0,0.0,0.0,0.0,2.0,4.0,2.0,2.0,0.0,10.0,30.0,30.0
0.0,0.125,99.875,0.0,0.0,0.0,0.0,33042432.0,0.0,0.0,1008.0,1009.0,1009.0,8.0,7.990,7.870,632496128.0,135258112.0,3154718720.0,1.31308597248e+11,2.0,0.0,0.0,0.0,16134.0,0.0,4294963200.0,01-08 05:29:42,16505.0,32944.0,0.0,192.0,259350.0,0.0,0.0,3.0,0.0,0.0,0.0,0.0,0.0,87.0,3.0,0.0,0.0,0.0,2.0,4.0,2.0,2.0,0.0,10.0,31.0,35.0
0.0,0.084,99.916,0.0,0.0,0.0,0.0,33435648.0,0.0,0.0,1020.0,1020.0,1020.0,8.0,7.990,7.870,632496128.0,135258112.0,3154718720.0,1.31308597248e+11,0.0,1.0,0.0,0.0,16326.0,0.0,4294963200.0,01-08 05:29:43,16694.0,33324.0,0.0,192.0,259350.0,0.0,0.0,3.0,0.0,0.0,0.0,0.0,0.0,87.0,3.0,0.0,0.0,0.0,2.0,4.0,2.0,2.0,0.0,10.0,30.0,30.0
0.084,0.125,99.791,0.0,0.0,0.0,0.0,33546240.0,0.0,0.0,1023.0,1023.0,1023.0,8.0,7.990,7.870,632496128.0,135258112.0,3154718720.0,1.31308597248e+11,0.0,1.0,0.0,0.0,16359.0,0.0,4294963200.0,01-08 05:29:44,16728.0,33390.0,0.0,192.0,259350.0,0.0,0.0,3.0,0.0,0.0,0.0,0.0,0.0,87.0,3.0,0.0,0.0,0.0,2.0,4.0,2.0,2.0,0.0,10.0,30.0,30.0
0.084,0.209,99.666,0.042,0.0,0.0,0.0,32976896.0,0.0,0.0,1007.0,1006.0,1006.0,8.0,7.990,7.870,632492032.0,135258112.0,3154722816.0,1.31308597248e+11,0.0,1.0,0.0,0.0,16099.0,0.0,4294963200.0,01-08 05:29:45,16479.0,32879.0,0.0,192.0,259350.0,0.0,0.0,3.0,0.0,0.0,0.0,0.0,0.0,87.0,3.0,0.0,0.0,0.0,2.0,4.0,2.0,2.0,0.0,10.0,32.0,31.0
0.0,0.334,99.666,0.0,0.0,0.0,0.0,33079296.0,0.0,0.0,1009.0,1010.0,1010.0,8.0,7.990,7.870,632492032.0,135258112.0,3154722816.0,1.31308597248e+11,2.0,0.0,0.0,0.0,16162.0,0.0,4294963200.0,01-08 05:29:46,16718.0,32998.0,0.0,192.0,259350.0,0.0,0.0,3.0,0.0,0.0,0.0,0.0,0.0,87.0,3.0,0.0,0.0,0.0,2.0,4.0,2.0,2.0,0.0,10.0,30.0,42.0
0.0,0.251,99.749,0.0,0.0,0.0,0.0,33181696.0,0.0,0.0,1013.0,1013.0,1013.0,8.0,7.990,7.870,632492032.0,135258112.0,3154722816.0,1.31308597248e+11,0.0,1.0,0.0,0.0,16204.0,0.0,4294963200.0,01-08 05:29:47,17333.0,33089.0,0.0,192.0,259350.0,0.0,0.0,3.0,0.0,0.0,0.0,0.0,0.0,87.0,3.0,0.0,0.0,0.0,2.0,4.0,2.0,2.0,0.0,10.0,31.0,31.0
0.083,0.250,99.666,0.0,0.0,0.0,0.0,33443840.0,0.0,0.0,1021.0,1021.0,1021.0,8.0,7.990,7.870,632492032.0,135258112.0,3154722816.0,1.31308597248e+11,0.0,1.0,0.0,0.0,16334.0,0.0,4294963200.0,01-08 05:29:48,17475.0,33352.0,0.0,192.0,259350.0,0.0,0.0,3.0,0.0,0.0,0.0,0.0,0.0,87.0,3.0,0.0,0.0,0.0,2.0,4.0,2.0,2.0,0.0,10.0,30.0,30.0
0.042,0.458,99.500,0.0,0.0,0.0,0.0,33251328.0,0.0,0.0,1014.0,1014.0,1014.0,8.0,7.990,7.870,632492032.0,135258112.0,3154722816.0,1.31308597248e+11,0.0,1.0,0.0,0.0,16222.0,0.0,4294963200.0,01-08 05:29:49,17526.0,33097.0,0.0,192.0,259350.0,0.0,0.0,3.0,0.0,0.0,0.0,0.0,0.0,87.0,3.0,0.0,0.0,0.0,2.0,4.0,2.0,2.0,0.0,10.0,31.0,31.0
0.125,0.375,99.500,0.0,0.0,0.0,0.0,33198080.0,0.0,0.0,1013.0,1013.0,1013.0,8.0,7.990,7.870,632492032.0,135258112.0,3154722816.0,1.31308597248e+11,0.0,1.0,0.0,0.0,16222.0,0.0,4294963200.0,01-08 05:29:50,16614.0,33146.0,0.0,192.0,259350.0,0.0,0.0,3.0,0.0,0.0,0.0,0.0,0.0,87.0,3.0,0.0,0.0,0.0,2.0,4.0,2.0,2.0,0.0,10.0,31.0,35.0
0.125,0.250,99.624,0.0,0.0,0.0,0.0,33202176.0,0.0,0.0,1014.0,1013.0,1013.0,8.0,7.990,7.870,632492032.0,135258112.0,3154722816.0,1.31308597248e+11,0.0,1.0,0.0,0.0,16208.0,0.0,4294963200.0,01-08 05:29:51,16592.0,33102.0,0.0,192.0,259350.0,0.0,0.0,3.0,0.0,0.0,0.0,0.0,0.0,87.0,3.0,0.0,0.0,0.0,2.0,4.0,2.0,2.0,0.0,10.0,31.0,31.0
0.042,0.209,99.708,0.042,0.0,0.0,0.0,33224704.0,0.0,0.0,1014.0,1014.0,1014.0,8.0,7.990,7.870,632492032.0,135258112.0,3154722816.0,1.31308597248e+11,0.0,1.0,0.0,0.0,16224.0,0.0,4294963200.0,01-08 05:29:52,16597.0,33128.0,0.0,192.0,259350.0,0.0,0.0,3.0,0.0,0.0,0.0,0.0,0.0,87.0,3.0,0.0,0.0,0.0,2.0,4.0,2.0,2.0,0.0,10.0,30.0,30.0
0.084,0.209,99.708,0.0,0.0,0.0,0.0,33536000.0,0.0,0.0,1023.0,1024.0,1024.0,8.0,7.990,7.870,632492032.0,135258112.0,3154722816.0,1.31308597248e+11,0.0,1.0,0.0,0.0,16366.0,0.0,4294963200.0,01-08 05:29:53,16737.0,33403.0,0.0,192.0,259350.0,0.0,0.0,3.0,0.0,0.0,0.0,0.0,0.0,87.0,3.0,0.0,0.0,0.0,2.0,4.0,2.0,2.0,0.0,10.0,30.0,30.0
0.083,0.333,99.583,0.0,0.0,0.0,0.0,33427456.0,0.0,0.0,1020.0,1020.0,1019.0,8.0,7.990,7.870,632492032.0,135258112.0,3154722816.0,1.31308597248e+11,0.0,1.0,0.0,0.0,16326.0,0.0,4294963200.0,01-08 05:29:54,16706.0,33328.0,0.0,192.0,259350.0,0.0,0.0,3.0,0.0,0.0,0.0,0.0,0.0,87.0,3.0,0.0,0.0,0.0,2.0,4.0,2.0,2.0,0.0,10.0,31.0,33.0
0.083,0.333,99.583,0.0,0.0,0.0,0.0,33300480.0,0.0,0.0,1016.0,1016.0,1017.0,8.0,7.990,7.870,632492032.0,135258112.0,3154722816.0,1.31308597248e+11,0.0,1.0,0.0,0.0,16260.0,0.0,4294963200.0,01-08 05:29:55,16638.0,33198.0,0.0,192.0,259350.0,0.0,0.0,3.0,0.0,0.0,0.0,0.0,0.0,87.0,3.0,0.0,0.0,0.0,2.0,4.0,2.0,2.0,0.0,10.0,30.0,30.0
0.083,0.375,99.500,0.042,0.0,0.0,0.0,33249280.0,0.0,0.0,1015.0,1015.0,1014.0,8.0,7.990,7.870,632492032.0,135258112.0,3154722816.0,1.31308597248e+11,0.0,1.0,0.0,0.0,16234.0,0.0,4294963200.0,01-08 05:29:56,16620.0,33146.0,0.0,192.0,259350.0,0.0,0.0,3.0,0.0,0.0,0.0,0.0,0.0,87.0,3.0,0.0,0.0,0.0,2.0,4.0,2.0,2.0,0.0,10.0,31.0,31.0
0.042,0.209,99.708,0.0,0.0,0.042,0.0,33527808.0,0.0,0.0,1023.0,1023.0,1024.0,8.0,7.990,7.870,632487936.0,135258112.0,3154726912.0,1.31308597248e+11,0.0,1.0,0.0,0.0,16372.0,0.0,4294963200.0,01-08 05:29:57,16746.0,33420.0,0.0,192.0,259350.0,0.0,0.0,3.0,0.0,0.0,0.0,0.0,0.0,87.0,3.0,0.0,0.0,0.0,2.0,4.0,2.0,2.0,0.0,10.0,31.0,30.0
0.042,0.209,99.749,0.0,0.0,0.0,0.0,33357824.0,0.0,0.0,1018.0,1018.0,1018.0,8.0,7.990,7.870,632487936.0,135258112.0,3154726912.0,1.31308597248e+11,0.0,1.0,0.0,0.0,16288.0,0.0,4294963200.0,01-08 05:29:58,16666.0,33252.0,0.0,192.0,259350.0,0.0,0.0,3.0,0.0,0.0,0.0,0.0,0.0,87.0,3.0,0.0,0.0,0.0,2.0,4.0,2.0,2.0,0.0,10.0,31.0,32.0
0.084,0.167,99.749,0.0,0.0,0.0,0.0,33378304.0,0.0,0.0,1018.0,1018.0,1018.0,8.0,7.990,7.870,632487936.0,135258112.0,3154726912.0,1.31308597248e+11,0.0,1.0,0.0,0.0,16282.0,0.0,4294963200.0,01-08 05:29:59,16653.0,33240.0,0.0,192.0,259350.0,0.0,0.0,3.0,0.0,0.0,0.0,0.0,0.0,87.0,3.0,0.0,0.0,0.0,2.0,4.0,2.0,2.0,0.0,10.0,30.0,30.0
0.084,0.209,99.666,0.042,0.0,0.0,0.0,33255424.0,0.0,0.0,1015.0,1015.0,1015.0,8.0,7.990,7.870,632487936.0,135258112.0,3154726912.0,1.31308597248e+11,0.0,1.0,0.0,0.0,16243.0,0.0,4294963200.0,01-08 05:30:00,16620.0,33162.0,0.0,192.0,259350.0,0.0,0.0,3.0,0.0,0.0,0.0,0.0,0.0,87.0,3.0,0.0,0.0,0.0,2.0,4.0,2.0,2.0,0.0,10.0,31.0,31.0
0.042,0.125,99.833,0.0,0.0,0.0,0.0,33366016.0,0.0,0.0,1018.0,1018.0,1018.0,8.0,7.990,7.870,632487936.0,135258112.0,3154726912.0,1.31308597248e+11,0.0,1.0,0.0,0.0,16297.0,0.0,4294963200.0,01-08 05:30:01,16690.0,33288.0,0.0,192.0,259350.0,0.0,0.0,3.0,0.0,0.0,0.0,0.0,0.0,87.0,3.0,0.0,0.0,0.0,2.0,4.0,2.0,2.0,0.0,10.0,30.0,30.0
0.042,0.417,99.541,0.0,0.0,0.0,0.0,33460224.0,0.0,0.0,1021.0,1021.0,1021.0,8.0,7.990,7.870,632487936.0,135258112.0,3154726912.0,1.31308597248e+11,0.0,1.0,0.0,0.0,16322.0,0.0,4294963200.0,01-08 05:30:02,16718.0,33330.0,0.0,192.0,259350.0,0.0,0.0,3.0,0.0,0.0,0.0,0.0,0.0,87.0,3.0,0.0,0.0,0.0,2.0,4.0,2.0,2.0,0.0,10.0,31.0,33.0
0.042,0.125,99.833,0.0,0.0,0.0,0.0,33613824.0,0.0,0.0,1026.0,1026.0,1026.0,8.0,7.990,7.870,632487936.0,135258112.0,3154726912.0,1.31308597248e+11,0.0,1.0,0.0,0.0,16430.0,0.0,4294963200.0,01-08 05:30:03,16806.0,33544.0,0.0,192.0,259350.0,0.0,0.0,3.0,0.0,0.0,0.0,0.0,0.0,87.0,3.0,0.0,0.0,0.0,2.0,4.0,2.0,2.0,0.0,10.0,30.0,30.0
0.042,0.209,99.749,0.0,0.0,0.0,0.0,33384448.0,0.0,0.0,1019.0,1018.0,1018.0,8.0,7.990,7.870,632487936.0,135258112.0,3154726912.0,1.31308597248e+11,0.0,1.0,0.0,0.0,16292.0,0.0,4294963200.0,01-08 05:30:04,16675.0,33258.0,0.0,192.0,259350.0,0.0,0.0,3.0,0.0,0.0,0.0,0.0,0.0,87.0,3.0,0.0,0.0,0.0,2.0,4.0,2.0,2.0,0.0,10.0,30.0,30.0
0.0,0.125,99.833,0.042,0.0,0.0,0.0,33464320.0,0.0,0.0,1021.0,1022.0,1022.0,8.0,7.990,7.870,632487936.0,135258112.0,3154726912.0,1.31308597248e+11,0.0,1.0,0.0,0.0,16340.0,0.0,4294963200.0,01-08 05:30:05,16724.0,33369.0,0.0,192.0,259350.0,0.0,0.0,3.0,0.0,0.0,0.0,0.0,0.0,87.0,3.0,0.0,0.0,0.0,2.0,4.0,2.0,2.0,0.0,10.0,32.0,31.0
0.0,0.251,99.749,0.0,0.0,0.0,0.0,33335296.0,0.0,0.0,1017.0,1017.0,1017.0,8.0,7.990,7.870,632614912.0,135258112.0,3154726912.0,1.31308470272e+11,0.0,1.0,0.0,0.0,16279.0,0.0,4294963200.0,01-08 05:30:06,16676.0,33252.0,0.0,192.0,259350.0,0.0,0.0,3.0,0.0,0.0,0.0,0.0,0.0,87.0,3.0,0.0,0.0,0.0,2.0,4.0,2.0,2.0,0.0,10.0,41.0,31.0
0.084,0.292,99.624,0.0,0.0,0.0,0.0,33196032.0,0.0,0.0,1013.0,1012.0,1012.0,8.0,7.990,7.870,632614912.0,135258112.0,3154726912.0,1.31308470272e+11,0.0,1.0,0.0,0.0,16188.0,0.0,4294963200.0,01-08 05:30:07,16569.0,33055.0,0.0,192.0,259350.0,0.0,0.0,3.0,0.0,0.0,0.0,0.0,0.0,87.0,3.0,0.0,0.0,0.0,2.0,4.0,2.0,2.0,0.0,10.0,31.0,31.0
0.0,0.292,99.708,0.0,0.0,0.0,0.0,33300480.0,0.0,0.0,1016.0,1017.0,1017.0,8.0,7.990,7.870,632487936.0,135258112.0,3154726912.0,1.31308597248e+11,0.0,1.0,0.0,0.0,16280.0,0.0,4294963200.0,01-08 05:30:08,16666.0,33237.0,0.0,192.0,259350.0,0.0,0.0,3.0,0.0,0.0,0.0,0.0,0.0,87.0,3.0,0.0,0.0,0.0,2.0,4.0,2.0,2.0,0.0,10.0,30.0,30.0
0.0,0.209,99.749,0.042,0.0,0.0,0.0,34009088.0,0.0,0.0,1038.0,1038.0,1038.0,8.0,7.990,7.870,632487936.0,135258112.0,3154726912.0,1.31308597248e+11,0.0,1.0,0.0,0.0,16600.0,0.0,4294963200.0,01-08 05:30:09,16974.0,33868.0,0.0,192.0,259350.0,0.0,0.0,3.0,0.0,0.0,0.0,0.0,0.0,87.0,3.0,0.0,0.0,0.0,2.0,4.0,2.0,2.0,0.0,10.0,31.0,31.0
0.0,0.376,99.624,0.0,0.0,0.0,0.0,33488896.0,0.0,0.0,1022.0,1022.0,1022.0,8.0,7.990,7.870,632483840.0,135258112.0,3154731008.0,1.31308597248e+11,0.0,1.0,0.0,0.0,16350.0,0.0,4294963200.0,01-08 05:30:10,16729.0,33371.0,0.0,192.0,259350.0,0.0,0.0,3.0,0.0,0.0,0.0,0.0,0.0,87.0,3.0,0.0,0.0,0.0,2.0,4.0,2.0,2.0,0.0,10.0,32.0,32.0
0.208,0.333,99.459,0.0,0.0,0.0,0.0,33501184.0,0.0,0.0,1022.0,1022.0,1022.0,8.0,7.990,7.870,632483840.0,135258112.0,3154731008.0,1.31308597248e+11,0.0,1.0,0.0,0.0,16358.0,0.0,4294963200.0,01-08 05:30:11,16748.0,33402.0,0.0,192.0,259350.0,0.0,0.0,3.0,0.0,0.0,0.0,0.0,0.0,87.0,3.0,0.0,0.0,0.0,2.0,4.0,2.0,2.0,0.0,10.0,39.0,31.0
0.125,0.209,99.666,0.0,0.0,0.0,0.0,33456128.0,0.0,0.0,1021.0,1021.0,1021.0,8.0,7.990,7.870,632516608.0,135258112.0,3154731008.0,1.3130856448e+11,0.0,1.0,0.0,0.0,16338.0,0.0,4294963200.0,01-08 05:30:12,16716.0,33355.0,0.0,192.0,259350.0,0.0,0.0,3.0,0.0,0.0,0.0,0.0,0.0,87.0,3.0,0.0,0.0,0.0,2.0,4.0,2.0,2.0,0.0,10.0,30.0,30.0
0.083,0.458,99.459,0.0,0.0,0.0,0.0,33488896.0,0.0,0.0,1022.0,1022.0,1022.0,8.0,7.990,7.870,632516608.0,135258112.0,3154731008.0,1.3130856448e+11,1.0,0.0,0.0,0.0,16352.0,0.0,4294963200.0,01-08 05:30:13,16735.0,33381.0,0.0,192.0,259350.0,0.0,0.0,3.0,0.0,0.0,0.0,0.0,0.0,87.0,3.0,0.0,0.0,0.0,2.0,4.0,2.0,2.0,0.0,10.0,30.0,30.0
0.0,0.251,99.749,0.0,0.0,0.0,0.0,33447936.0,0.0,0.0,1021.0,1021.0,1020.0,8.0,7.990,7.870,632516608.0,135258112.0,3154731008.0,1.3130856448e+11,0.0,1.0,0.0,0.0,16326.0,0.0,4294963200.0,01-08 05:30:14,16701.0,33326.0,0.0,192.0,259350.0,0.0,0.0,3.0,0.0,0.0,0.0,0.0,0.0,87.0,3.0,0.0,0.0,0.0,2.0,4.0,2.0,2.0,0.0,10.0,31.0,33.0
0.125,0.541,99.335,0.0,0.0,0.0,0.0,33574912.0,0.0,0.0,1024.0,1024.0,1025.0,8.0,7.990,7.870,632516608.0,135258112.0,3154731008.0,1.3130856448e+11,0.0,1.0,0.0,0.0,16392.0,0.0,4294963200.0,01-08 05:30:15,16778.0,33454.0,0.0,192.0,259350.0,0.0,0.0,3.0,0.0,0.0,0.0,0.0,0.0,87.0,3.0,0.0,0.0,0.0,2.0,4.0,2.0,2.0,0.0,10.0,30.0,30.0
0.0,0.251,99.749,0.0,0.0,0.0,0.0,33378304.0,0.0,0.0,1019.0,1019.0,1019.0,8.0,7.990,7.870,632516608.0,135258112.0,3154731008.0,1.3130856448e+11,0.0,1.0,0.0,0.0,16300.0,0.0,4294963200.0,01-08 05:30:16,16682.0,33292.0,0.0,192.0,259350.0,0.0,0.0,3.0,0.0,0.0,0.0,0.0,0.0,87.0,3.0,0.0,0.0,0.0,2.0,4.0,2.0,2.0,0.0,10.0,31.0,31.0
0.083,0.209,99.708,0.0,0.0,0.0,0.0,33284096.0,0.0,0.0,1016.0,1015.0,1015.0,8.0,7.990,7.870,632516608.0,135258112.0,3154731008.0,1.3130856448e+11,0.0,1.0,0.0,0.0,16252.0,0.0,4294963200.0,01-08 05:30:17,16626.0,33181.0,0.0,192.0,259350.0,0.0,0.0,3.0,0.0,0.0,0.0,0.0,0.0,87.0,3.0,0.0,0.0,0.0,2.0,4.0,2.0,2.0,0.0,10.0,30.0,30.0
0.0,0.125,99.833,0.042,0.0,0.0,0.0,33357824.0,0.0,0.0,1018.0,1018.0,1018.0,8.0,7.990,7.870,632516608.0,135258112.0,3154731008.0,1.3130856448e+11,1.0,0.0,0.0,0.0,16288.0,0.0,4294963200.0,01-08 05:30:18,16658.0,33252.0,0.0,192.0,259350.0,0.0,0.0,3.0,0.0,0.0,0.0,0.0,0.0,87.0,3.0,0.0,0.0,0.0,2.0,4.0,2.0,2.0,0.0,10.0,31.0,31.0
0.0,0.084,99.916,0.0,0.0,0.0,0.0,33357824.0,0.0,0.0,1017.0,1018.0,1018.0,8.0,7.990,7.870,632516608.0,135258112.0,3154731008.0,1.3130856448e+11,0.0,1.0,0.0,0.0,16282.0,0.0,4294963200.0,01-08 05:30:19,16652.0,33238.0,0.0,192.0,259350.0,0.0,0.0,3.0,0.0,0.0,0.0,0.0,0.0,87.0,3.0,0.0,0.0,0.0,2.0,4.0,2.0,2.0,0.0,10.0,30.0,30.0
0.042,0.167,99.791,0.0,0.0,0.0,0.0,33247232.0,0.0,0.0,1015.0,1015.0,1014.0,8.0,7.990,7.870,632516608.0,135258112.0,3154731008.0,1.3130856448e+11,0.0,1.0,0.0,0.0,16232.0,0.0,4294963200.0,01-08 05:30:20,16605.0,33143.0,0.0,192.0,259350.0,0.0,0.0,3.0,0.0,0.0,0.0,0.0,0.0,87.0,3.0,0.0,0.0,0.0,2.0,4.0,2.0,2.0,0.0,10.0,31.0,31.0
0.0,0.251,99.749,0.0,0.0,0.0,0.0,33148928.0,0.0,0.0,1011.0,1011.0,1012.0,8.0,7.990,7.870,632516608.0,135258112.0,3154731008.0,1.3130856448e+11,0.0,1.0,0.0,0.0,16184.0,0.0,4294963200.0,01-08 05:30:21,16559.0,33048.0,0.0,192.0,259350.0,0.0,0.0,3.0,0.0,0.0,0.0,0.0,0.0,87.0,3.0,0.0,0.0,0.0,2.0,4.0,2.0,2.0,0.0,10.0,30.0,30.0
0.083,0.334,99.583,0.0,0.0,0.0,0.0,33419264.0,0.0,0.0,1020.0,1020.0,1020.0,8.0,7.990,7.870,632512512.0,135258112.0,3154735104.0,1.3130856448e+11,0.0,1.0,0.0,0.0,16300.0,0.0,4294963200.0,01-08 05:30:22,16681.0,33273.0,0.0,192.0,259350.0,0.0,0.0,3.0,0.0,0.0,0.0,0.0,0.0,87.0,3.0,0.0,0.0,0.0,2.0,4.0,2.0,2.0,0.0,10.0,31.0,35.0
0.042,0.334,99.625,0.0,0.0,0.0,0.0,33513472.0,0.0,0.0,1023.0,1023.0,1023.0,8.0,7.990,7.870,632512512.0,135258112.0,3154735104.0,1.3130856448e+11,0.0,1.0,0.0,0.0,16386.0,0.0,4294963200.0,01-08 05:30:23,16769.0,33459.0,0.0,192.0,259350.0,0.0,0.0,3.0,0.0,0.0,0.0,0.0,0.0,87.0,3.0,0.0,0.0,0.0,2.0,4.0,2.0,2.0,0.0,10.0,31.0,31.0
0.083,0.417,99.500,0.0,0.0,0.0,0.0,33415168.0,0.0,0.0,1019.0,1019.0,1019.0,8.0,7.990,7.870,632512512.0,135258112.0,3154735104.0,1.3130856448e+11,0.0,1.0,0.0,0.0,16310.0,0.0,4294963200.0,01-08 05:30:24,16688.0,33289.0,0.0,192.0,259350.0,0.0,0.0,3.0,0.0,0.0,0.0,0.0,0.0,87.0,3.0,0.0,0.0,0.0,2.0,4.0,2.0,2.0,0.0,10.0,30.0,30.0
0.042,0.209,99.708,0.042,0.0,0.0,0.0,32976896.0,0.0,0.0,1007.0,1007.0,1007.0,8.0,7.990,7.870,632512512.0,135258112.0,3154735104.0,1.3130856448e+11,0.0,1.0,0.0,0.0,16098.0,0.0,4294963200.0,01-08 05:30:25,16480.0,32883.0,0.0,192.0,259350.0,0.0,0.0,3.0,0.0,0.0,0.0,0.0,0.0,87.0,3.0,0.0,0.0,0.0,2.0,4.0,2.0,2.0,0.0,10.0,31.0,31.0
0.167,0.292,99.542,0.0,0.0,0.0,0.0,33206272.0,0.0,0.0,1013.0,1013.0,1013.0,8.0,7.990,7.870,632512512.0,135258112.0,3154735104.0,1.3130856448e+11,0.0,1.0,0.0,0.0,16216.0,0.0,4294963200.0,01-08 05:30:26,16625.0,33139.0,0.0,192.0,259350.0,0.0,0.0,3.0,0.0,0.0,0.0,0.0,0.0,87.0,3.0,0.0,0.0,0.0,2.0,4.0,2.0,2.0,0.0,10.0,30.0,34.0
0.083,0.292,99.625,0.0,0.0,0.0,0.0,33476608.0,0.0,0.0,1022.0,1022.0,1022.0,8.0,7.990,7.870,632504320.0,135258112.0,3154735104.0,1.31308572672e+11,1.0,0.0,0.0,0.0,16348.0,0.0,4294963200.0,01-08 05:30:27,16727.0,33379.0,0.0,192.0,259350.0,0.0,0.0,3.0,0.0,0.0,0.0,0.0,0.0,87.0,3.0,0.0,0.0,0.0,2.0,4.0,2.0,2.0,0.0,10.0,31.0,31.0
0.167,0.167,99.666,0.0,0.0,0.0,0.0,33361920.0,0.0,0.0,1018.0,1018.0,1018.0,8.0,7.990,7.870,632504320.0,135258112.0,3154735104.0,1.31308572672e+11,0.0,1.0,0.0,0.0,16288.0,0.0,4294963200.0,01-08 05:30:28,16664.0,33252.0,0.0,192.0,259350.0,0.0,0.0,3.0,0.0,0.0,0.0,0.0,0.0,87.0,3.0,0.0,0.0,0.0,2.0,4.0,2.0,2.0,0.0,10.0,30.0,30.0
0.042,0.375,99.541,0.042,0.0,0.0,0.0,32894976.0,0.0,0.0,1004.0,1003.0,1003.0,8.0,7.990,7.870,632504320.0,135258112.0,3154735104.0,1.31308572672e+11,0.0,1.0,0.0,0.0,16058.0,0.0,4294963200.0,01-08 05:30:29,16437.0,32791.0,0.0,192.0,259350.0,0.0,0.0,3.0,0.0,0.0,0.0,0.0,0.0,87.0,3.0,0.0,0.0,0.0,2.0,4.0,2.0,2.0,0.0,10.0,31.0,31.0
0.0,0.251,99.749,0.0,0.0,0.0,0.0,33566720.0,0.0,0.0,1024.0,1025.0,1025.0,8.0,7.990,7.870,632504320.0,135258112.0,3154735104.0,1.31308572672e+11,0.0,1.0,0.0,0.0,16390.0,0.0,4294963200.0,01-08 05:30:30,16761.0,33448.0,0.0,192.0,259350.0,0.0,0.0,3.0,0.0,0.0,0.0,0.0,0.0,87.0,3.0,0.0,0.0,0.0,2.0,4.0,2.0,2.0,0.0,10.0,31.0,31.0
0.042,0.251,99.708,0.0,0.0,0.0,0.0,33329152.0,0.0,0.0,1017.0,1017.0,1017.0,8.0,7.990,7.870,632504320.0,135258112.0,3154735104.0,1.31308572672e+11,0.0,1.0,0.0,0.0,16262.0,0.0,4294963200.0,01-08 05:30:31,16767.0,33189.0,0.0,192.0,259350.0,0.0,0.0,3.0,0.0,0.0,0.0,0.0,0.0,87.0,3.0,0.0,0.0,0.0,2.0,4.0,2.0,2.0,0.0,10.0,30.0,30.0
0.042,0.125,99.833,0.0,0.0,0.0,0.0,33267712.0,0.0,0.0,1015.0,1015.0,1015.0,8.0,7.990,7.870,632504320.0,135258112.0,3154735104.0,1.31308572672e+11,0.0,1.0,0.0,0.0,16254.0,0.0,4294963200.0,01-08 05:30:32,17593.0,33207.0,0.0,192.0,259350.0,0.0,0.0,3.0,0.0,0.0,0.0,0.0,0.0,87.0,3.0,0.0,0.0,0.0,2.0,4.0,2.0,2.0,0.0,10.0,31.0,31.0
0.0,0.167,99.833,0.0,0.0,0.0,0.0,33566720.0,0.0,0.0,1024.0,1024.0,1024.0,8.0,7.990,7.870,632496128.0,135258112.0,3154735104.0,1.31308580864e+11,0.0,1.0,0.0,0.0,16380.0,0.0,4294963200.0,01-08 05:30:33,16753.0,33437.0,0.0,192.0,259350.0,0.0,0.0,3.0,0.0,0.0,0.0,0.0,0.0,87.0,3.0,0.0,0.0,0.0,2.0,4.0,2.0,2.0,0.0,10.0,30.0,30.0
0.083,0.334,99.583,0.0,0.0,0.0,0.0,33202176.0,0.0,0.0,1013.0,1013.0,1013.0,8.0,7.990,7.870,632496128.0,135258112.0,3154735104.0,1.31308580864e+11,0.0,1.0,0.0,0.0,16218.0,0.0,4294963200.0,01-08 05:30:34,16596.0,33110.0,0.0,192.0,259350.0,0.0,0.0,3.0,0.0,0.0,0.0,0.0,0.0,87.0,3.0,0.0,0.0,0.0,2.0,4.0,2.0,2.0,0.0,10.0,31.0,31.0
0.0,0.167,99.833,0.0,0.0,0.0,0.0,33458176.0,0.0,0.0,1021.0,1021.0,1021.0,8.0,7.990,7.870,632492032.0,135258112.0,3154739200.0,1.31308580864e+11,0.0,1.0,0.0,0.0,16334.0,0.0,4294963200.0,01-08 05:30:35,16711.0,33352.0,0.0,192.0,259350.0,0.0,0.0,3.0,0.0,0.0,0.0,0.0,0.0,87.0,3.0,0.0,0.0,0.0,2.0,4.0,2.0,2.0,0.0,10.0,31.0,30.0
0.042,0.250,99.666,0.042,0.0,0.0,0.0,33413120.0,0.0,0.0,1020.0,1020.0,1020.0,8.0,7.990,7.870,632492032.0,135258112.0,3154739200.0,1.31308580864e+11,0.0,1.0,0.0,0.0,16300.0,0.0,4294963200.0,01-08 05:30:36,16671.0,33274.0,0.0,192.0,259350.0,0.0,0.0,3.0,0.0,0.0,0.0,0.0,0.0,87.0,3.0,0.0,0.0,0.0,2.0,4.0,2.0,2.0,0.0,10.0,31.0,32.0
0.0,0.084,99.916,0.0,0.0,0.0,0.0,33292288.0,0.0,0.0,1016.0,1016.0,1016.0,8.0,7.990,7.870,632492032.0,135258112.0,3154739200.0,1.31308580864e+11,0.0,1.0,0.0,0.0,16274.0,0.0,4294963200.0,01-08 05:30:37,16645.0,33232.0,0.0,192.0,259350.0,0.0,0.0,3.0,0.0,0.0,0.0,0.0,0.0,87.0,3.0,0.0,0.0,0.0,2.0,4.0,2.0,2.0,0.0,10.0,30.0,30.0
0.125,0.250,99.625,0.0,0.0,0.0,0.0,33546240.0,0.0,0.0,1024.0,1024.0,1024.0,8.0,7.990,7.870,632492032.0,135258112.0,3154739200.0,1.31308580864e+11,0.0,1.0,0.0,0.0,16380.0,0.0,4294963200.0,01-08 05:30:38,16757.0,33445.0,0.0,192.0,259350.0,0.0,0.0,3.0,0.0,0.0,0.0,0.0,0.0,87.0,3.0,0.0,0.0,0.0,2.0,4.0,2.0,2.0,0.0,10.0,31.0,31.0
0.167,0.125,99.708,0.0,0.0,0.0,0.0,33480704.0,0.0,0.0,1021.0,1021.0,1021.0,8.0,7.990,7.870,632492032.0,135258112.0,3154739200.0,1.31308580864e+11,0.0,1.0,0.0,0.0,16336.0,0.0,4294963200.0,01-08 05:30:39,16701.0,33333.0,0.0,192.0,259350.0,0.0,0.0,3.0,0.0,0.0,0.0,0.0,0.0,87.0,3.0,0.0,0.0,0.0,2.0,4.0,2.0,2.0,0.0,10.0,30.0,30.0
0.042,0.125,99.791,0.042,0.0,0.0,0.0,34787328.0,0.0,0.0,1013.0,1012.0,1012.0,8.0,7.990,7.870,632492032.0,135258112.0,3154739200.0,1.31308580864e+11,0.0,1.0,0.0,0.0,16212.0,0.0,4294963200.0,01-08 05:30:40,16609.0,33142.0,0.0,192.0,259350.0,0.0,0.0,3.0,0.0,0.0,0.0,0.0,0.0,87.0,3.0,0.0,0.0,0.0,2.0,4.0,2.0,2.0,0.0,10.0,300.0,286.0
0.209,0.209,99.583,0.0,0.0,0.0,0.0,33325056.0,0.0,0.0,1016.0,1017.0,1017.0,8.0,7.990,7.870,632492032.0,135258112.0,3154739200.0,1.31308580864e+11,0.0,1.0,0.0,0.0,16273.0,0.0,4294963200.0,01-08 05:30:41,16669.0,33244.0,0.0,192.0,259350.0,0.0,0.0,3.0,0.0,0.0,0.0,0.0,0.0,87.0,3.0,0.0,0.0,0.0,2.0,4.0,2.0,2.0,0.0,10.0,35.0,32.0
0.042,0.292,99.666,0.0,0.0,0.0,0.0,33800192.0,0.0,0.0,1032.0,1032.0,1032.0,8.0,7.990,7.870,632492032.0,135258112.0,3154739200.0,1.31308580864e+11,0.0,1.0,0.0,0.0,16504.0,0.0,4294963200.0,01-08 05:30:42,16884.0,33678.0,0.0,192.0,259350.0,0.0,0.0,3.0,0.0,0.0,0.0,0.0,0.0,87.0,3.0,0.0,0.0,0.0,2.0,4.0,2.0,2.0,0.0,10.0,30.0,32.0
0.083,0.292,99.583,0.042,0.0,0.0,0.0,33472512.0,0.0,0.0,1021.0,1021.0,1021.0,8.0,7.990,7.870,632492032.0,135258112.0,3154739200.0,1.31308580864e+11,0.0,1.0,0.0,0.0,16344.0,0.0,4294963200.0,01-08 05:30:43,16733.0,33380.0,0.0,192.0,259350.0,0.0,0.0,3.0,0.0,0.0,0.0,0.0,0.0,87.0,3.0,0.0,0.0,0.0,2.0,4.0,2.0,2.0,0.0,10.0,31.0,31.0
0.042,0.251,99.708,0.0,0.0,0.0,0.0,33435648.0,0.0,0.0,1020.0,1020.0,1020.0,8.0,7.990,7.870,632492032.0,135258112.0,3154739200.0,1.31308580864e+11,0.0,1.0,0.0,0.0,16318.0,0.0,4294963200.0,01-08 05:30:44,16691.0,33309.0,0.0,192.0,259350.0,0.0,0.0,3.0,0.0,0.0,0.0,0.0,0.0,87.0,3.0,0.0,0.0,0.0,2.0,4.0,2.0,2.0,0.0,10.0,30.0,30.0
0.042,0.209,99.750,0.0,0.0,0.0,0.0,33390592.0,0.0,0.0,1019.0,1019.0,1019.0,8.0,7.990,7.870,632492032.0,135258112.0,3154739200.0,1.31308580864e+11,0.0,1.0,0.0,0.0,16306.0,0.0,4294963200.0,01-08 05:30:45,16683.0,33292.0,0.0,192.0,259350.0,0.0,0.0,3.0,0.0,0.0,0.0,0.0,0.0,87.0,3.0,0.0,0.0,0.0,2.0,4.0,2.0,2.0,0.0,10.0,31.0,31.0
0.083,0.334,99.583,0.0,0.0,0.0,0.0,33443840.0,0.0,0.0,1021.0,1021.0,1021.0,8.0,7.990,7.870,632492032.0,135258112.0,3154739200.0,1.31308580864e+11,0.0,1.0,0.0,0.0,16328.0,0.0,4294963200.0,01-08 05:30:46,16708.0,33335.0,0.0,192.0,259350.0,0.0,0.0,3.0,0.0,0.0,0.0,0.0,0.0,87.0,3.0,0.0,0.0,0.0,2.0,4.0,2.0,2.0,0.0,10.0,30.0,38.0
0.042,0.209,99.749,0.0,0.0,0.0,0.0,33595392.0,0.0,0.0,1025.0,1025.0,1025.0,8.0,7.990,7.870,632492032.0,135258112.0,3154739200.0,1.31308580864e+11,1.0,0.0,0.0,0.0,16405.0,0.0,4294963200.0,01-08 05:30:47,16781.0,33499.0,0.0,192.0,259350.0,0.0,0.0,3.0,0.0,0.0,0.0,0.0,0.0,87.0,3.0,0.0,0.0,0.0,2.0,4.0,2.0,2.0,0.0,10.0,31.0,31.0
0.083,0.334,99.541,0.042,0.0,0.0,0.0,33419264.0,0.0,0.0,1020.0,1020.0,1020.0,8.0,7.990,7.870,632487936.0,135258112.0,3154743296.0,1.31308580864e+11,1.0,1.0,0.0,0.0,16319.0,0.0,4294963200.0,01-08 05:30:48,16694.0,33310.0,0.0,192.0,259350.0,0.0,0.0,3.0,0.0,0.0,0.0,0.0,0.0,87.0,3.0,0.0,0.0,0.0,2.0,4.0,2.0,2.0,0.0,10.0,31.0,30.0
0.125,0.292,99.583,0.0,0.0,0.0,0.0,33038336.0,0.0,0.0,1008.0,1008.0,1008.0,8.0,7.990,7.870,632487936.0,135258112.0,3154743296.0,1.31308580864e+11,0.0,1.0,0.0,0.0,16124.0,0.0,4294963200.0,01-08 05:30:49,16502.0,32921.0,0.0,192.0,259350.0,0.0,0.0,3.0,0.0,0.0,0.0,0.0,0.0,87.0,3.0,0.0,0.0,0.0,2.0,4.0,2.0,2.0,0.0,10.0,30.0,30.0
0.0,0.209,99.791,0.0,0.0,0.0,0.0,33132544.0,0.0,0.0,1011.0,1011.0,1011.0,8.0,7.990,7.870,632487936.0,135258112.0,3154743296.0,1.31308580864e+11,0.0,1.0,0.0,0.0,16180.0,0.0,4294963200.0,01-08 05:30:50,16553.0,33042.0,0.0,192.0,259350.0,0.0,0.0,3.0,0.0,0.0,0.0,0.0,0.0,87.0,3.0,0.0,0.0,0.0,2.0,4.0,2.0,2.0,0.0,10.0,32.0,37.0
0.0,0.292,99.166,0.542,0.0,0.0,0.0,33378304.0,0.0,0.0,1019.0,1019.0,1019.0,8.0,7.990,7.870,632487936.0,135258112.0,3154743296.0,1.31308580864e+11,0.0,1.0,0.0,0.0,16298.0,0.0,4294963200.0,01-08 05:30:51,16677.0,33278.0,0.0,192.0,259350.0,0.0,0.0,3.0,0.0,0.0,0.0,0.0,0.0,87.0,3.0,0.0,0.0,0.0,2.0,4.0,2.0,2.0,0.0,10.0,30.0,30.0
0.042,0.292,98.706,0.960,0.0,0.0,0.0,33091584.0,0.0,0.0,1010.0,1010.0,1009.0,8.0,7.990,7.870,632487936.0,135258112.0,3154743296.0,1.31308580864e+11,0.0,1.0,0.0,0.0,16158.0,0.0,4294963200.0,01-08 05:30:52,16537.0,32995.0,0.0,192.0,259350.0,0.0,0.0,3.0,0.0,0.0,0.0,0.0,0.0,87.0,3.0,0.0,0.0,0.0,2.0,4.0,2.0,2.0,0.0,11.0,31.0,31.0
0.125,0.250,99.625,0.0,0.0,0.0,0.0,33402880.0,0.0,0.0,1019.0,1019.0,1020.0,8.0,7.990,7.870,632487936.0,135258112.0,3154743296.0,1.31308580864e+11,0.0,1.0,0.0,0.0,16310.0,0.0,4294963200.0,01-08 05:30:53,16686.0,33293.0,0.0,192.0,259350.0,0.0,0.0,3.0,0.0,0.0,0.0,0.0,0.0,87.0,3.0,0.0,0.0,0.0,2.0,4.0,2.0,2.0,0.0,10.0,30.0,30.0
0.125,0.416,99.459,0.0,0.0,0.0,0.0,33185792.0,0.0,0.0,1012.0,1012.0,1012.0,8.0,7.990,7.870,632487936.0,135258112.0,3154743296.0,1.31308580864e+11,0.0,1.0,0.0,0.0,16198.0,0.0,4294963200.0,01-08 05:30:54,16576.0,33064.0,0.0,192.0,259350.0,0.0,0.0,3.0,0.0,0.0,0.0,0.0,0.0,87.0,3.0,0.0,0.0,0.0,2.0,4.0,2.0,2.0,0.0,10.0,31.0,35.0
0.125,0.209,99.666,0.0,0.0,0.0,0.0,33701888.0,0.0,0.0,1029.0,1029.0,1029.0,8.0,7.990,7.870,632487936.0,135258112.0,3154743296.0,1.31308580864e+11,0.0,1.0,0.0,0.0,16456.0,0.0,4294963200.0,01-08 05:30:55,16836.0,33593.0,0.0,192.0,259350.0,0.0,0.0,3.0,0.0,0.0,0.0,0.0,0.0,87.0,3.0,0.0,0.0,0.0,2.0,4.0,2.0,2.0,0.0,10.0,30.0,30.0
0.125,0.250,99.625,0.0,0.0,0.0,0.0,33665024.0,0.0,0.0,1027.0,1027.0,1027.0,8.0,7.990,7.870,632487936.0,135258112.0,3154743296.0,1.31308580864e+11,0.0,1.0,1.0,0.0,16436.0,0.0,4294963200.0,01-08 05:30:56,16826.0,33565.0,0.0,192.0,259350.0,0.0,0.0,3.0,0.0,0.0,0.0,0.0,0.0,87.0,3.0,0.0,0.0,0.0,2.0,4.0,2.0,2.0,0.0,10.0,34.0,31.0
0.083,0.334,99.583,0.0,0.0,0.0,0.0,33421312.0,0.0,0.0,1020.0,1020.0,1020.0,8.0,7.990,7.870,632496128.0,135258112.0,3154743296.0,1.31308572672e+11,0.0,1.0,0.0,0.0,16312.0,0.0,4294963200.0,01-08 05:30:57,16695.0,33305.0,0.0,192.0,259350.0,0.0,0.0,3.0,0.0,0.0,0.0,0.0,0.0,87.0,3.0,0.0,0.0,0.0,2.0,4.0,2.0,2.0,0.0,10.0,30.0,30.0
0.0,0.251,99.749,0.0,0.0,0.0,0.0,33372160.0,0.0,0.0,1019.0,1019.0,1019.0,8.0,7.990,7.870,632496128.0,135258112.0,3154743296.0,1.31308572672e+11,0.0,1.0,0.0,0.0,16304.0,0.0,4294963200.0,01-08 05:30:58,16680.0,33286.0,0.0,192.0,259350.0,0.0,0.0,3.0,0.0,0.0,0.0,0.0,0.0,87.0,3.0,0.0,0.0,0.0,2.0,4.0,2.0,2.0,0.0,10.0,31.0,33.0
0.042,0.084,99.833,0.042,0.0,0.0,0.0,33173504.0,0.0,0.0,1012.0,1012.0,1011.0,8.0,7.990,7.880,632496128.0,135258112.0,3154743296.0,1.31308572672e+11,1.0,0.0,0.0,0.0,16192.0,0.0,4294963200.0,01-08 05:30:59,16561.0,33058.0,0.0,192.0,259350.0,0.0,0.0,3.0,0.0,0.0,0.0,0.0,0.0,87.0,3.0,0.0,0.0,0.0,2.0,4.0,2.0,2.0,0.0,10.0,30.0,30.0
0.042,0.042,99.916,0.0,0.0,0.0,0.0,33314816.0,0.0,0.0,1016.0,1016.0,1017.0,8.0,7.990,7.880,632492032.0,135258112.0,3154747392.0,1.31308572672e+11,0.0,1.0,0.0,0.0,16266.0,0.0,4294963200.0,01-08 05:31:00,16632.0,33208.0,0.0,192.0,259350.0,0.0,0.0,3.0,0.0,0.0,0.0,0.0,0.0,87.0,3.0,0.0,0.0,0.0,2.0,4.0,2.0,2.0,0.0,10.0,31.0,30.0
0.125,0.167,99.708,0.0,0.0,0.0,0.0,33327104.0,0.0,0.0,1017.0,1017.0,1017.0,8.0,7.990,7.880,632492032.0,135258112.0,3154747392.0,1.31308572672e+11,0.0,1.0,0.0,0.0,16274.0,0.0,4294963200.0,01-08 05:31:01,16656.0,33237.0,0.0,192.0,259350.0,0.0,0.0,3.0,0.0,0.0,0.0,0.0,0.0,87.0,3.0,0.0,0.0,0.0,2.0,4.0,2.0,2.0,0.0,10.0,31.0,31.0
0.042,0.417,99.542,0.0,0.0,0.0,0.0,33443840.0,0.0,0.0,1021.0,1021.0,1021.0,8.0,7.990,7.880,632492032.0,135258112.0,3154747392.0,1.31308572672e+11,0.0,1.0,0.0,0.0,16330.0,0.0,4294963200.0,01-08 05:31:02,16712.0,33336.0,0.0,192.0,259350.0,0.0,0.0,3.0,0.0,0.0,0.0,0.0,0.0,87.0,3.0,0.0,0.0,0.0,2.0,4.0,2.0,2.0,0.0,10.0,30.0,31.0
0.167,0.292,99.541,0.0,0.0,0.0,0.0,33574912.0,0.0,0.0,1025.0,1025.0,1024.0,8.0,7.990,7.880,632492032.0,135258112.0,3154747392.0,1.31308572672e+11,0.0,1.0,0.0,0.0,16392.0,0.0,4294963200.0,01-08 05:31:03,16774.0,33472.0,0.0,192.0,259350.0,0.0,0.0,3.0,0.0,0.0,0.0,0.0,0.0,87.0,3.0,0.0,0.0,0.0,2.0,4.0,2.0,2.0,0.0,10.0,31.0,31.0
0.0,0.251,99.749,0.0,0.0,0.0,0.0,33808384.0,0.0,0.0,1031.0,1031.0,1032.0,8.0,7.990,7.880,632492032.0,135258112.0,3154747392.0,1.31308572672e+11,0.0,1.0,0.0,0.0,16502.0,0.0,4294963200.0,01-08 05:31:04,16876.0,33678.0,0.0,192.0,259350.0,0.0,0.0,3.0,0.0,0.0,0.0,0.0,0.0,87.0,3.0,0.0,0.0,0.0,2.0,4.0,2.0,2.0,0.0,10.0,30.0,30.0
0.042,0.084,99.833,0.042,0.0,0.0,0.0,33570816.0,0.0,0.0,1025.0,1024.0,1024.0,8.0,7.990,7.880,632492032.0,135258112.0,3154747392.0,1.31308572672e+11,0.0,1.0,0.0,0.0,16394.0,0.0,4294963200.0,01-08 05:31:05,16763.0,33469.0,0.0,192.0,259350.0,0.0,0.0,3.0,0.0,0.0,0.0,0.0,0.0,87.0,3.0,0.0,0.0,0.0,2.0,4.0,2.0,2.0,0.0,10.0,31.0,31.0
0.042,0.167,99.791,0.0,0.0,0.0,0.0,33140736.0,0.0,0.0,1011.0,1012.0,1012.0,8.0,7.990,7.880,632492032.0,135258112.0,3154747392.0,1.31308572672e+11,0.0,1.0,0.0,0.0,16180.0,0.0,4294963200.0,01-08 05:31:06,16556.0,33049.0,0.0,192.0,259350.0,0.0,0.0,3.0,0.0,0.0,0.0,0.0,0.0,87.0,3.0,0.0,0.0,0.0,2.0,4.0,2.0,2.0,0.0,10.0,30.0,31.0
0.250,0.125,99.624,0.0,0.0,0.0,0.0,33517568.0,0.0,0.0,1023.0,1023.0,1023.0,8.0,7.990,7.880,632492032.0,135258112.0,3154747392.0,1.31308572672e+11,0.0,1.0,0.0,0.0,16370.0,0.0,4294963200.0,01-08 05:31:07,16755.0,33427.0,0.0,192.0,259350.0,0.0,0.0,3.0,0.0,0.0,0.0,0.0,0.0,87.0,3.0,0.0,0.0,0.0,2.0,4.0,2.0,2.0,0.0,10.0,31.0,31.0
0.042,0.125,99.833,0.0,0.0,0.0,0.0,33730560.0,0.0,0.0,1029.0,1029.0,1029.0,8.0,7.990,7.880,632492032.0,135258112.0,3154747392.0,1.31308572672e+11,0.0,1.0,0.0,0.0,16464.0,0.0,4294963200.0,01-08 05:31:08,16828.0,33585.0,0.0,192.0,259350.0,0.0,0.0,3.0,0.0,0.0,0.0,0.0,0.0,87.0,3.0,0.0,0.0,0.0,2.0,4.0,2.0,2.0,0.0,10.0,30.0,30.0
0.125,0.084,99.791,0.0,0.0,0.0,0.0,33030144.0,0.0,0.0,1008.0,1008.0,1008.0,8.0,7.990,7.880,632492032.0,135258112.0,3154747392.0,1.31308572672e+11,0.0,1.0,0.0,0.0,16110.0,0.0,4294963200.0,01-08 05:31:09,16487.0,32907.0,0.0,192.0,259350.0,0.0,0.0,3.0,0.0,0.0,0.0,0.0,0.0,87.0,3.0,0.0,0.0,0.0,2.0,4.0,2.0,2.0,0.0,10.0,30.0,30.0
0.084,0.209,99.666,0.042,0.0,0.0,0.0,33632256.0,0.0,0.0,1026.0,1026.0,1026.0,8.0,7.990,7.880,632492032.0,135258112.0,3154747392.0,1.31308572672e+11,0.0,1.0,0.0,0.0,16436.0,0.0,4294963200.0,01-08 05:31:10,16808.0,33543.0,0.0,192.0,259350.0,0.0,0.0,3.0,0.0,0.0,0.0,0.0,0.0,87.0,3.0,0.0,0.0,0.0,2.0,4.0,2.0,2.0,0.0,10.0,31.0,33.0
0.125,0.333,99.542,0.0,0.0,0.0,0.0,33452032.0,0.0,0.0,1021.0,1021.0,1021.0,8.0,7.990,7.880,632492032.0,135258112.0,3154747392.0,1.31308572672e+11,0.0,1.0,0.0,0.0,16336.0,0.0,4294963200.0,01-08 05:31:11,16729.0,33370.0,0.0,192.0,259350.0,0.0,0.0,3.0,0.0,0.0,0.0,0.0,0.0,87.0,3.0,0.0,0.0,0.0,2.0,4.0,2.0,2.0,0.0,10.0,30.0,30.0
0.0,0.125,99.875,0.0,0.0,0.0,0.0,33185792.0,0.0,0.0,1013.0,1013.0,1013.0,8.0,7.990,7.880,632492032.0,135258112.0,3154747392.0,1.31308572672e+11,0.0,1.0,0.0,0.0,16204.0,0.0,4294963200.0,01-08 05:31:12,16576.0,33088.0,0.0,192.0,259350.0,0.0,0.0,3.0,0.0,0.0,0.0,0.0,0.0,87.0,3.0,0.0,0.0,0.0,2.0,4.0,2.0,2.0,0.0,10.0,31.0,31.0
0.042,0.250,99.708,0.0,0.0,0.0,0.0,33267712.0,0.0,0.0,1015.0,1015.0,1015.0,8.0,7.990,7.880,632487936.0,135258112.0,3154751488.0,1.31308572672e+11,0.0,1.0,0.0,0.0,16242.0,0.0,4294963200.0,01-08 05:31:13,16619.0,33167.0,0.0,192.0,259350.0,0.0,0.0,3.0,0.0,0.0,0.0,0.0,0.0,87.0,3.0,0.0,0.0,0.0,2.0,4.0,2.0,2.0,0.0,10.0,31.0,30.0
0.042,0.251,99.708,0.0,0.0,0.0,0.0,33087488.0,0.0,0.0,1009.0,1009.0,1009.0,8.0,7.990,7.880,632487936.0,135258112.0,3154751488.0,1.31308572672e+11,0.0,1.0,0.0,0.0,16152.0,0.0,4294963200.0,01-08 05:31:14,16781.0,32976.0,0.0,192.0,259350.0,0.0,0.0,3.0,0.0,0.0,0.0,0.0,0.0,87.0,3.0,0.0,0.0,0.0,2.0,4.0,2.0,2.0,0.0,10.0,31.0,32.0
0.042,0.125,99.833,0.0,0.0,0.0,0.0,34795520.0,0.0,0.0,1012.0,1012.0,1012.0,8.0,7.990,7.880,632487936.0,135258112.0,3154751488.0,1.31308572672e+11,0.0,1.0,0.0,0.0,16198.0,0.0,4294963200.0,01-08 05:31:15,17333.0,33105.0,0.0,192.0,259350.0,0.0,0.0,3.0,0.0,0.0,0.0,0.0,0.0,87.0,3.0,0.0,0.0,0.0,2.0,4.0,2.0,2.0,0.0,10.0,305.0,286.0
0.125,0.292,99.541,0.042,0.0,0.0,0.0,33251328.0,0.0,0.0,1015.0,1014.0,1014.0,8.0,7.990,7.880,632614912.0,135258112.0,3154751488.0,1.31308445696e+11,0.0,1.0,0.0,0.0,16237.0,0.0,4294963200.0,01-08 05:31:16,16634.0,33174.0,0.0,192.0,259350.0,0.0,0.0,3.0,0.0,0.0,0.0,0.0,0.0,87.0,3.0,0.0,0.0,0.0,2.0,4.0,2.0,2.0,0.0,10.0,37.0,32.0
0.083,0.334,99.583,0.0,0.0,0.0,0.0,33615872.0,0.0,0.0,1025.0,1026.0,1026.0,8.0,7.990,7.880,632614912.0,135258112.0,3154751488.0,1.31308445696e+11,0.0,1.0,0.0,0.0,16396.0,0.0,4294963200.0,01-08 05:31:17,16778.0,33468.0,0.0,192.0,259350.0,0.0,0.0,3.0,0.0,0.0,0.0,0.0,0.0,87.0,3.0,0.0,0.0,0.0,2.0,4.0,2.0,2.0,0.0,10.0,30.0,30.0
0.0,0.084,99.916,0.0,0.0,0.0,0.0,33185792.0,0.0,0.0,1013.0,1013.0,1013.0,8.0,7.990,7.880,632614912.0,135258112.0,3154751488.0,1.31308445696e+11,0.0,1.0,0.0,0.0,16220.0,0.0,4294963200.0,01-08 05:31:18,16587.0,33112.0,0.0,192.0,259350.0,0.0,0.0,3.0,0.0,0.0,0.0,0.0,0.0,87.0,3.0,0.0,0.0,0.0,2.0,4.0,2.0,2.0,0.0,10.0,30.0,30.0
0.042,0.209,99.749,0.0,0.0,0.0,0.0,33353728.0,0.0,0.0,1018.0,1018.0,1017.0,8.0,7.990,7.880,632614912.0,135258112.0,3154751488.0,1.31308445696e+11,0.0,1.0,0.0,0.0,16280.0,0.0,4294963200.0,01-08 05:31:19,16654.0,33233.0,0.0,192.0,259350.0,0.0,0.0,3.0,0.0,0.0,0.0,0.0,0.0,87.0,3.0,0.0,0.0,0.0,2.0,4.0,2.0,2.0,0.0,10.0,31.0,31.0
0.125,0.167,99.708,0.0,0.0,0.0,0.0,33492992.0,0.0,0.0,1022.0,1022.0,1023.0,8.0,7.990,7.880,632614912.0,135258112.0,3154751488.0,1.31308445696e+11,0.0,1.0,0.0,0.0,16354.0,0.0,4294963200.0,01-08 05:31:20,16728.0,33385.0,0.0,192.0,259350.0,0.0,0.0,3.0,0.0,0.0,0.0,0.0,0.0,87.0,3.0,0.0,0.0,0.0,2.0,4.0,2.0,2.0,0.0,10.0,30.0,30.0
0.125,0.292,99.583,0.0,0.0,0.0,0.0,33345536.0,0.0,0.0,1017.0,1017.0,1017.0,8.0,7.990,7.880,632614912.0,135258112.0,3154751488.0,1.31308445696e+11,0.0,1.0,0.0,0.0,16282.0,0.0,4294963200.0,01-08 05:31:21,16666.0,33254.0,0.0,192.0,259350.0,0.0,0.0,3.0,0.0,0.0,0.0,0.0,0.0,87.0,3.0,0.0,0.0,0.0,2.0,4.0,2.0,2.0,0.0,10.0,31.0,31.0
0.042,0.375,99.583,0.0,0.0,0.0,0.0,33267712.0,0.0,0.0,1016.0,1016.0,1015.0,8.0,7.990,7.880,632614912.0,135258112.0,3154751488.0,1.31308445696e+11,0.0,1.0,0.0,0.0,16242.0,0.0,4294963200.0,01-08 05:31:22,16624.0,33158.0,0.0,192.0,259350.0,0.0,0.0,3.0,0.0,0.0,0.0,0.0,0.0,87.0,3.0,0.0,0.0,0.0,2.0,4.0,2.0,2.0,0.0,10.0,30.0,39.0
0.0,0.084,99.916,0.0,0.0,0.0,0.0,33423360.0,0.0,0.0,1020.0,1019.0,1020.0,8.0,7.990,7.880,632614912.0,135258112.0,3154751488.0,1.31308445696e+11,0.0,1.0,0.0,0.0,16320.0,0.0,4294963200.0,01-08 05:31:23,16688.0,33320.0,0.0,192.0,259350.0,0.0,0.0,3.0,0.0,0.0,0.0,0.0,0.0,87.0,3.0,0.0,0.0,0.0,2.0,4.0,2.0,2.0,0.0,10.0,31.0,31.0
0.083,0.334,99.583,0.0,0.0,0.0,0.0,33308672.0,0.0,0.0,1016.0,1017.0,1017.0,8.0,7.990,7.880,632614912.0,135258112.0,3154751488.0,1.31308445696e+11,0.0,1.0,0.0,0.0,16258.0,0.0,4294963200.0,01-08 05:31:24,16631.0,33190.0,0.0,192.0,259350.0,0.0,0.0,3.0,0.0,0.0,0.0,0.0,0.0,87.0,3.0,0.0,0.0,0.0,2.0,4.0,2.0,2.0,0.0,10.0,30.0,30.0
0.084,0.209,99.666,0.042,0.0,0.0,0.0,33681408.0,0.0,0.0,1028.0,1028.0,1027.0,8.0,7.990,7.880,632610816.0,135258112.0,3154755584.0,1.31308445696e+11,0.0,1.0,0.0,0.0,16436.0,0.0,4294963200.0,01-08 05:31:25,16814.0,33553.0,0.0,192.0,259350.0,0.0,0.0,3.0,0.0,0.0,0.0,0.0,0.0,87.0,3.0,0.0,0.0,0.0,2.0,4.0,2.0,2.0,0.0,10.0,32.0,31.0
0.042,0.292,99.666,0.0,0.0,0.0,0.0,33267712.0,0.0,0.0,1015.0,1015.0,1016.0,8.0,7.990,7.880,632610816.0,135258112.0,3154755584.0,1.31308445696e+11,0.0,1.0,0.0,0.0,16256.0,0.0,4294963200.0,01-08 05:31:26,16639.0,33204.0,0.0,192.0,259350.0,0.0,0.0,3.0,0.0,0.0,0.0,0.0,0.0,87.0,3.0,0.0,0.0,0.0,2.0,4.0,2.0,2.0,0.0,10.0,31.0,38.0
0.0,0.375,99.625,0.0,0.0,0.0,0.0,33345536.0,0.0,0.0,1018.0,1017.0,1017.0,8.0,7.990,7.880,632610816.0,135258112.0,3154755584.0,1.31308445696e+11,1.0,0.0,0.0,0.0,16280.0,0.0,4294963200.0,01-08 05:31:27,16667.0,33247.0,0.0,192.0,259350.0,0.0,0.0,3.0,0.0,0.0,0.0,0.0,0.0,87.0,3.0,0.0,0.0,0.0,2.0,4.0,2.0,2.0,0.0,10.0,30.0,30.0
0.125,0.333,99.542,0.0,0.0,0.0,0.0,33456128.0,0.0,0.0,1021.0,1021.0,1021.0,8.0,7.990,7.880,632610816.0,135258112.0,3154755584.0,1.31308445696e+11,0.0,1.0,0.0,0.0,16338.0,0.0,4294963200.0,01-08 05:31:28,16717.0,33354.0,0.0,192.0,259350.0,0.0,0.0,3.0,0.0,0.0,0.0,0.0,0.0,87.0,3.0,0.0,0.0,0.0,2.0,4.0,2.0,2.0,0.0,10.0,31.0,31.0
0.125,0.209,99.666,0.0,0.0,0.0,0.0,33046528.0,0.0,0.0,1008.0,1009.0,1008.0,8.0,7.990,7.880,632610816.0,135258112.0,3154755584.0,1.31308445696e+11,0.0,1.0,0.0,0.0,16128.0,0.0,4294963200.0,01-08 05:31:29,16501.0,32927.0,0.0,192.0,259350.0,0.0,0.0,3.0,0.0,0.0,0.0,0.0,0.0,87.0,3.0,0.0,0.0,0.0,2.0,4.0,2.0,2.0,0.0,10.0,30.0,30.0
0.084,0.167,99.708,0.042,0.0,0.0,0.0,33366016.0,0.0,0.0,1018.0,1018.0,1019.0,8.0,7.990,7.880,632610816.0,135258112.0,3154755584.0,1.31308445696e+11,0.0,1.0,0.0,0.0,16292.0,0.0,4294963200.0,01-08 05:31:30,16665.0,33253.0,0.0,192.0,259350.0,0.0,0.0,3.0,0.0,0.0,0.0,0.0,0.0,87.0,3.0,0.0,0.0,0.0,2.0,4.0,2.0,2.0,0.0,10.0,31.0,32.0
0.0,0.209,99.791,0.0,0.0,0.0,0.0,33259520.0,0.0,0.0,1015.0,1015.0,1015.0,8.0,7.990,7.880,632610816.0,135258112.0,3154755584.0,1.31308445696e+11,0.0,1.0,0.0,0.0,16240.0,0.0,4294963200.0,01-08 05:31:31,16634.0,33183.0,0.0,192.0,259350.0,0.0,0.0,3.0,0.0,0.0,0.0,0.0,0.0,87.0,3.0,0.0,0.0,0.0,2.0,4.0,2.0,2.0,0.0,10.0,30.0,32.0
0.084,0.209,99.708,0.0,0.0,0.0,0.0,33570816.0,0.0,0.0,1024.0,1024.0,1024.0,8.0,7.990,7.880,632610816.0,135258112.0,3154755584.0,1.31308445696e+11,0.0,1.0,0.0,0.0,16392.0,0.0,4294963200.0,01-08 05:31:32,16767.0,33466.0,0.0,192.0,259350.0,0.0,0.0,3.0,0.0,0.0,0.0,0.0,0.0,87.0,3.0,0.0,0.0,0.0,2.0,4.0,2.0,2.0,0.0,10.0,31.0,31.0
0.0,0.167,99.833,0.0,0.0,0.0,0.0,32645120.0,0.0,0.0,997.0,997.0,996.0,8.0,7.990,7.880,632610816.0,135258112.0,3154755584.0,1.31308445696e+11,0.0,1.0,0.0,0.0,15942.0,0.0,4294963200.0,01-08 05:31:33,16324.0,32571.0,0.0,192.0,259350.0,0.0,0.0,3.0,0.0,0.0,0.0,0.0,0.0,87.0,3.0,0.0,0.0,0.0,2.0,4.0,2.0,2.0,0.0,10.0,30.0,32.0
0.042,0.292,99.666,0.0,0.0,0.0,0.0,33255424.0,0.0,0.0,1014.0,1014.0,1015.0,8.0,7.990,7.880,632602624.0,135258112.0,3154755584.0,1.31308453888e+11,0.0,1.0,0.0,0.0,16216.0,0.0,4294963200.0,01-08 05:31:34,16592.0,33105.0,0.0,192.0,259350.0,0.0,0.0,3.0,0.0,0.0,0.0,0.0,0.0,87.0,3.0,0.0,0.0,0.0,2.0,4.0,2.0,2.0,0.0,10.0,31.0,33.0
0.042,0.125,99.833,0.0,0.0,0.0,0.0,33210368.0,0.0,0.0,1014.0,1014.0,1013.0,8.0,7.990,7.880,632602624.0,135258112.0,3154755584.0,1.31308453888e+11,0.0,1.0,0.0,0.0,16232.0,0.0,4294963200.0,01-08 05:31:35,16604.0,33144.0,0.0,192.0,259350.0,0.0,0.0,3.0,0.0,0.0,0.0,0.0,0.0,87.0,3.0,0.0,0.0,0.0,2.0,4.0,2.0,2.0,0.0,10.0,31.0,30.0
0.083,0.334,99.583,0.0,0.0,0.0,0.0,33677312.0,0.0,0.0,1027.0,1027.0,1028.0,8.0,7.990,7.880,632602624.0,135258112.0,3154755584.0,1.31308453888e+11,0.0,1.0,0.0,0.0,16440.0,0.0,4294963200.0,01-08 05:31:36,16820.0,33560.0,0.0,192.0,259350.0,0.0,0.0,3.0,0.0,0.0,0.0,0.0,0.0,87.0,3.0,0.0,0.0,0.0,2.0,4.0,2.0,2.0,0.0,10.0,30.0,30.0
0.0,0.458,99.500,0.042,0.0,0.0,0.0,33447936.0,0.0,0.0,1021.0,1021.0,1021.0,8.0,7.990,7.880,632602624.0,135258112.0,3154755584.0,1.31308453888e+11,0.0,1.0,0.0,0.0,16330.0,0.0,4294963200.0,01-08 05:31:37,16717.0,33340.0,0.0,192.0,259350.0,0.0,0.0,3.0,0.0,0.0,0.0,0.0,0.0,87.0,3.0,0.0,0.0,0.0,2.0,4.0,2.0,2.0,0.0,10.0,31.0,31.0
0.0,0.209,99.791,0.0,0.0,0.0,0.0,33366016.0,0.0,0.0,1018.0,1018.0,1018.0,8.0,7.990,7.880,632598528.0,135258112.0,3154759680.0,1.31308453888e+11,1.0,0.0,0.0,0.0,16296.0,0.0,4294963200.0,01-08 05:31:38,16658.0,33248.0,0.0,192.0,259350.0,0.0,0.0,3.0,0.0,0.0,0.0,0.0,0.0,87.0,3.0,0.0,0.0,0.0,2.0,4.0,2.0,2.0,0.0,10.0,31.0,31.0
0.084,0.209,99.708,0.0,0.0,0.0,0.0,33210368.0,0.0,0.0,1013.0,1013.0,1013.0,8.0,7.990,7.880,632598528.0,135258112.0,3154759680.0,1.31308453888e+11,0.0,1.0,0.0,0.0,16210.0,0.0,4294963200.0,01-08 05:31:39,16591.0,33114.0,0.0,192.0,259350.0,0.0,0.0,3.0,0.0,0.0,0.0,0.0,0.0,87.0,3.0,0.0,0.0,0.0,2.0,4.0,2.0,2.0,0.0,10.0,32.0,31.0
0.167,0.333,99.500,0.0,0.0,0.0,0.0,33013760.0,0.0,0.0,1008.0,1008.0,1008.0,8.0,7.990,7.880,632598528.0,135258112.0,3154759680.0,1.31308453888e+11,0.0,1.0,0.0,0.0,16122.0,0.0,4294963200.0,01-08 05:31:40,16502.0,32919.0,0.0,192.0,259350.0,0.0,0.0,3.0,0.0,0.0,0.0,0.0,0.0,87.0,3.0,0.0,0.0,0.0,2.0,4.0,2.0,2.0,0.0,10.0,30.0,30.0
0.0,0.292,99.708,0.0,0.0,0.0,0.0,33624064.0,0.0,0.0,1026.0,1026.0,1025.0,8.0,7.990,7.880,632598528.0,135258112.0,3154759680.0,1.31308453888e+11,0.0,1.0,0.0,0.0,16408.0,0.0,4294963200.0,01-08 05:31:41,16785.0,33498.0,0.0,192.0,259350.0,0.0,0.0,3.0,0.0,0.0,0.0,0.0,0.0,87.0,3.0,0.0,0.0,0.0,2.0,4.0,2.0,2.0,0.0,10.0,31.0,31.0
0.084,0.167,99.749,0.0,0.0,0.0,0.0,33148928.0,0.0,0.0,1012.0,1012.0,1013.0,8.0,7.990,7.880,632598528.0,135258112.0,3154759680.0,1.31308453888e+11,0.0,1.0,0.0,0.0,16194.0,0.0,4294963200.0,01-08 05:31:42,16564.0,33043.0,0.0,192.0,259350.0,0.0,0.0,3.0,0.0,0.0,0.0,0.0,0.0,87.0,3.0,0.0,0.0,0.0,2.0,4.0,2.0,2.0,0.0,10.0,30.0,30.0
0.083,0.292,99.625,0.0,0.0,0.0,0.0,33478656.0,0.0,0.0,1021.0,1021.0,1021.0,8.0,7.990,7.880,632590336.0,135258112.0,3154759680.0,1.3130846208e+11,0.0,1.0,0.0,0.0,16340.0,0.0,4294963200.0,01-08 05:31:43,16717.0,33349.0,0.0,192.0,259350.0,0.0,0.0,3.0,0.0,0.0,0.0,0.0,0.0,87.0,3.0,0.0,0.0,0.0,2.0,4.0,2.0,2.0,0.0,10.0,31.0,32.0
0.042,0.209,99.749,0.0,0.0,0.0,0.0,32999424.0,0.0,0.0,1007.0,1007.0,1007.0,8.0,7.990,7.880,632590336.0,135258112.0,3154759680.0,1.3130846208e+11,0.0,1.0,0.0,0.0,16116.0,0.0,4294963200.0,01-08 05:31:44,16483.0,32888.0,0.0,192.0,259350.0,0.0,0.0,3.0,0.0,0.0,0.0,0.0,0.0,87.0,3.0,0.0,0.0,0.0,2.0,4.0,2.0,2.0,0.0,10.0,30.0,30.0
0.0,0.209,99.791,0.0,0.0,0.0,0.0,33312768.0,0.0,0.0,1017.0,1017.0,1017.0,8.0,7.990,7.880,632590336.0,135258112.0,3154759680.0,1.3130846208e+11,0.0,1.0,0.0,0.0,16266.0,0.0,4294963200.0,01-08 05:31:45,16650.0,33219.0,0.0,192.0,259350.0,0.0,0.0,3.0,0.0,0.0,0.0,0.0,0.0,87.0,3.0,0.0,0.0,0.0,2.0,4.0,2.0,2.0,0.0,10.0,30.0,30.0
0.083,0.292,99.583,0.042,0.0,0.0,0.0,33189888.0,0.0,0.0,1013.0,1013.0,1012.0,8.0,7.990,7.880,632590336.0,135258112.0,3154759680.0,1.3130846208e+11,0.0,1.0,0.0,0.0,16205.0,0.0,4294963200.0,01-08 05:31:46,16595.0,33097.0,0.0,192.0,259350.0,0.0,0.0,3.0,0.0,0.0,0.0,0.0,0.0,87.0,3.0,0.0,0.0,0.0,2.0,4.0,2.0,2.0,0.0,10.0,31.0,31.0
0.083,0.375,99.541,0.0,0.0,0.0,0.0,33243136.0,0.0,0.0,1014.0,1014.0,1015.0,8.0,7.990,7.880,632590336.0,135258112.0,3154759680.0,1.3130846208e+11,0.0,1.0,0.0,0.0,16231.0,0.0,4294963200.0,01-08 05:31:47,16621.0,33147.0,0.0,192.0,259350.0,0.0,0.0,3.0,0.0,0.0,0.0,0.0,0.0,87.0,3.0,0.0,0.0,0.0,2.0,4.0,2.0,2.0,0.0,10.0,30.0,32.0
0.042,0.334,99.625,0.0,0.0,0.0,0.0,33337344.0,0.0,0.0,1018.0,1017.0,1017.0,8.0,7.990,7.880,632590336.0,135258112.0,3154759680.0,1.3130846208e+11,0.0,1.0,0.0,0.0,16280.0,0.0,4294963200.0,01-08 05:31:48,16669.0,33243.0,0.0,192.0,259350.0,0.0,0.0,3.0,0.0,0.0,0.0,0.0,0.0,87.0,3.0,0.0,0.0,0.0,2.0,4.0,2.0,2.0,0.0,10.0,31.0,31.0
0.042,0.251,99.708,0.0,0.0,0.0,0.0,33771520.0,0.0,0.0,1030.0,1031.0,1031.0,8.0,7.990,7.880,632590336.0,135258112.0,3154759680.0,1.3130846208e+11,0.0,1.0,0.0,0.0,16482.0,0.0,4294963200.0,01-08 05:31:49,16855.0,33620.0,0.0,192.0,259350.0,0.0,0.0,3.0,0.0,0.0,0.0,0.0,0.0,87.0,3.0,0.0,0.0,0.0,2.0,4.0,2.0,2.0,0.0,10.0,30.0,30.0
0.0,0.125,99.833,0.042,0.0,0.0,0.0,34988032.0,0.0,0.0,1018.0,1018.0,1018.0,8.0,7.990,7.880,632590336.0,135258112.0,3154759680.0,1.3130846208e+11,0.0,1.0,0.0,0.0,16308.0,0.0,4294963200.0,01-08 05:31:50,16717.0,33351.0,0.0,192.0,259350.0,0.0,0.0,3.0,0.0,0.0,0.0,0.0,0.0,87.0,3.0,0.0,0.0,0.0,2.0,4.0,2.0,2.0,0.0,10.0,305.0,287.0
0.167,0.333,99.459,0.042,0.0,0.0,0.0,33501184.0,0.0,0.0,1022.0,1022.0,1022.0,8.0,7.990,7.880,632586240.0,135258112.0,3154763776.0,1.3130846208e+11,0.0,1.0,0.0,0.0,16356.0,0.0,4294963200.0,01-08 05:31:51,16742.0,33394.0,0.0,192.0,259350.0,0.0,0.0,3.0,0.0,0.0,0.0,0.0,0.0,87.0,3.0,0.0,0.0,0.0,2.0,4.0,2.0,2.0,0.0,10.0,39.0,31.0
0.125,0.292,99.583,0.0,0.0,0.0,0.0,33181696.0,0.0,0.0,1013.0,1013.0,1013.0,8.0,7.990,7.880,632586240.0,135258112.0,3154763776.0,1.3130846208e+11,0.0,1.0,0.0,0.0,16203.0,0.0,4294963200.0,01-08 05:31:52,16587.0,33083.0,0.0,192.0,259350.0,0.0,0.0,3.0,0.0,0.0,0.0,0.0,0.0,87.0,3.0,0.0,0.0,0.0,2.0,4.0,2.0,2.0,0.0,10.0,31.0,31.0
0.167,0.292,99.542,0.0,0.0,0.0,0.0,33386496.0,0.0,0.0,1019.0,1019.0,1019.0,8.0,7.990,7.880,632586240.0,135258112.0,3154763776.0,1.3130846208e+11,0.0,1.0,0.0,0.0,16302.0,0.0,4294963200.0,01-08 05:31:53,16677.0,33268.0,0.0,192.0,259350.0,0.0,0.0,3.0,0.0,0.0,0.0,0.0,0.0,87.0,3.0,0.0,0.0,0.0,2.0,4.0,2.0,2.0,0.0,10.0,30.0,30.0
0.083,0.334,99.583,0.0,0.0,0.0,0.0,33523712.0,0.0,0.0,1023.0,1022.0,1022.0,8.0,7.990,7.880,632586240.0,135258112.0,3154763776.0,1.3130846208e+11,0.0,1.0,0.0,0.0,16362.0,0.0,4294963200.0,01-08 05:31:54,16734.0,33388.0,0.0,192.0,259350.0,0.0,0.0,3.0,0.0,0.0,0.0,0.0,0.0,87.0,3.0,0.0,0.0,0.0,2.0,4.0,2.0,2.0,0.0,10.0,31.0,31.0
0.167,0.375,99.459,0.0,0.0,0.0,0.0,33286144.0,0.0,0.0,1015.0,1016.0,1016.0,8.0,7.990,7.880,632586240.0,135258112.0,3154763776.0,1.3130846208e+11,0.0,1.0,0.0,0.0,16254.0,0.0,4294963200.0,01-08 05:31:55,16637.0,33175.0,0.0,192.0,259350.0,0.0,0.0,3.0,0.0,0.0,0.0,0.0,0.0,87.0,3.0,0.0,0.0,0.0,2.0,4.0,2.0,2.0,0.0,10.0,31.0,32.0
0.083,0.292,99.624,0.0,0.0,0.0,0.0,33325056.0,0.0,0.0,1017.0,1017.0,1017.0,8.0,7.990,7.880,632553472.0,135258112.0,3154763776.0,1.31308494848e+11,0.0,1.0,0.0,0.0,16272.0,0.0,4294963200.0,01-08 05:31:56,16652.0,33217.0,0.0,192.0,259350.0,0.0,0.0,3.0,0.0,0.0,0.0,0.0,0.0,87.0,3.0,0.0,0.0,0.0,2.0,4.0,2.0,2.0,0.0,10.0,30.0,38.0
0.042,0.251,99.666,0.042,0.0,0.0,0.0,33193984.0,0.0,0.0,1013.0,1013.0,1013.0,8.0,7.990,7.880,632553472.0,135258112.0,3154763776.0,1.31308494848e+11,0.0,1.0,0.0,0.0,16208.0,0.0,4294963200.0,01-08 05:31:57,17763.0,33098.0,0.0,192.0,259350.0,0.0,0.0,3.0,0.0,0.0,0.0,0.0,0.0,87.0,3.0,0.0,0.0,0.0,2.0,4.0,2.0,2.0,0.0,10.0,31.0,31.0
0.0,0.251,99.749,0.0,0.0,0.0,0.0,33177600.0,0.0,0.0,1013.0,1013.0,1013.0,8.0,7.990,7.880,632553472.0,135258112.0,3154763776.0,1.31308494848e+11,0.0,1.0,0.0,0.0,16200.0,0.0,4294963200.0,01-08 05:31:58,17703.0,33075.0,0.0,192.0,259350.0,0.0,0.0,3.0,0.0,0.0,0.0,0.0,0.0,87.0,3.0,0.0,0.0,0.0,2.0,4.0,2.0,2.0,0.0,10.0,30.0,30.0
0.0,0.167,99.833,0.0,0.0,0.0,0.0,33193984.0,0.0,0.0,1013.0,1013.0,1012.0,8.0,7.990,7.880,632553472.0,135258112.0,3154763776.0,1.31308494848e+11,0.0,1.0,0.0,0.0,16202.0,0.0,4294963200.0,01-08 05:31:59,16580.0,33090.0,0.0,192.0,259350.0,0.0,0.0,3.0,0.0,0.0,0.0,0.0,0.0,87.0,3.0,0.0,0.0,0.0,2.0,4.0,2.0,2.0,0.0,10.0,31.0,38.0
0.084,0.167,99.749,0.0,0.0,0.0,0.0,33767424.0,0.0,0.0,1030.0,1030.0,1031.0,8.0,7.990,7.880,632553472.0,135258112.0,3154763776.0,1.31308494848e+11,0.0,1.0,0.0,0.0,16488.0,0.0,4294963200.0,01-08 05:32:00,16862.0,33651.0,0.0,192.0,259350.0,0.0,0.0,3.0,0.0,0.0,0.0,0.0,0.0,87.0,3.0,0.0,0.0,0.0,2.0,4.0,2.0,2.0,0.0,10.0,30.0,30.0
0.167,0.292,99.541,0.0,0.0,0.0,0.0,33124352.0,0.0,0.0,1011.0,1011.0,1011.0,8.0,7.990,7.880,632553472.0,135258112.0,3154763776.0,1.31308494848e+11,0.0,1.0,0.0,0.0,16168.0,0.0,4294963200.0,01-08 05:32:01,16556.0,33018.0,0.0,192.0,259350.0,0.0,0.0,3.0,0.0,0.0,0.0,0.0,0.0,87.0,3.0,0.0,0.0,0.0,2.0,4.0,2.0,2.0,0.0,10.0,31.0,31.0
0.042,0.125,99.833,0.0,0.0,0.0,0.0,33079296.0,0.0,0.0,1009.0,1009.0,1009.0,8.0,7.990,7.880,632553472.0,135258112.0,3154763776.0,1.31308494848e+11,0.0,1.0,0.0,0.0,16158.0,0.0,4294963200.0,01-08 05:32:02,16540.0,33004.0,0.0,192.0,259350.0,0.0,0.0,3.0,0.0,0.0,0.0,0.0,0.0,87.0,3.0,0.0,0.0,0.0,2.0,4.0,2.0,2.0,0.0,10.0,30.0,30.0
0.0,0.167,99.833,0.0,0.0,0.0,0.0,33251328.0,0.0,0.0,1015.0,1015.0,1015.0,8.0,7.990,7.880,632549376.0,135258112.0,3154767872.0,1.31308494848e+11,0.0,1.0,0.0,0.0,16236.0,0.0,4294963200.0,01-08 05:32:03,16608.0,33150.0,0.0,192.0,259350.0,0.0,0.0,3.0,0.0,0.0,0.0,0.0,0.0,87.0,3.0,0.0,0.0,0.0,2.0,4.0,2.0,2.0,0.0,10.0,32.0,32.0
0.042,0.458,99.459,0.042,0.0,0.0,0.0,33742848.0,0.0,0.0,1030.0,1029.0,1029.0,8.0,7.990,7.880,632549376.0,135258112.0,3154767872.0,1.31308494848e+11,1.0,0.0,0.0,0.0,16470.0,0.0,4294963200.0,01-08 05:32:04,16851.0,33619.0,0.0,192.0,259350.0,0.0,0.0,3.0,0.0,0.0,0.0,0.0,0.0,87.0,3.0,0.0,0.0,0.0,2.0,4.0,2.0,2.0,0.0,10.0,30.0,30.0
0.125,0.209,99.666,0.0,0.0,0.0,0.0,33038336.0,0.0,0.0,1008.0,1009.0,1009.0,8.0,7.990,7.880,632549376.0,135258112.0,3154767872.0,1.31308494848e+11,2.0,0.0,0.0,0.0,16132.0,0.0,4294963200.0,01-08 05:32:05,16509.0,32943.0,0.0,192.0,259350.0,0.0,0.0,3.0,0.0,0.0,0.0,0.0,0.0,87.0,3.0,0.0,0.0,0.0,2.0,4.0,2.0,2.0,0.0,10.0,30.0,30.0
0.125,0.250,99.625,0.0,0.0,0.0,0.0,32948224.0,0.0,0.0,1005.0,1005.0,1005.0,8.0,7.990,7.880,632549376.0,135258112.0,3154767872.0,1.31308494848e+11,0.0,1.0,0.0,0.0,16088.0,0.0,4294963200.0,01-08 05:32:06,16472.0,32862.0,0.0,192.0,259350.0,0.0,0.0,3.0,0.0,0.0,0.0,0.0,0.0,87.0,3.0,0.0,0.0,0.0,2.0,4.0,2.0,2.0,0.0,10.0,31.0,31.0
0.084,0.125,99.791,0.0,0.0,0.0,0.0,33427456.0,0.0,0.0,1020.0,1020.0,1020.0,8.0,7.990,7.880,632549376.0,135258112.0,3154767872.0,1.31308494848e+11,0.0,1.0,0.0,0.0,16312.0,0.0,4294963200.0,01-08 05:32:07,16690.0,33305.0,0.0,192.0,259350.0,0.0,0.0,3.0,0.0,0.0,0.0,0.0,0.0,87.0,3.0,0.0,0.0,0.0,2.0,4.0,2.0,2.0,0.0,10.0,30.0,31.0
0.0,0.125,99.875,0.0,0.0,0.0,0.0,33591296.0,0.0,0.0,1026.0,1025.0,1025.0,8.0,7.990,7.880,632549376.0,135258112.0,3154767872.0,1.31308494848e+11,0.0,1.0,1.0,0.0,16412.0,0.0,4294963200.0,01-08 05:32:08,16784.0,33511.0,0.0,192.0,259350.0,0.0,0.0,3.0,0.0,0.0,0.0,0.0,0.0,87.0,3.0,0.0,0.0,0.0,2.0,4.0,2.0,2.0,0.0,10.0,33.0,31.0
0.084,0.084,99.833,0.0,0.0,0.0,0.0,33628160.0,0.0,0.0,1025.0,1026.0,1026.0,8.0,7.990,7.880,632557568.0,135258112.0,3154767872.0,1.31308486656e+11,0.0,1.0,0.0,0.0,16414.0,0.0,4294963200.0,01-08 05:32:09,16785.0,33500.0,0.0,192.0,259350.0,0.0,0.0,3.0,0.0,0.0,0.0,0.0,0.0,87.0,3.0,0.0,0.0,0.0,2.0,4.0,2.0,2.0,0.0,10.0,30.0,30.0
0.125,0.209,99.625,0.042,0.0,0.0,0.0,33083392.0,0.0,0.0,1010.0,1010.0,1010.0,8.0,7.990,7.880,632557568.0,135258112.0,3154767872.0,1.31308486656e+11,0.0,1.0,0.0,0.0,16154.0,0.0,4294963200.0,01-08 05:32:10,16530.0,32989.0,0.0,192.0,259350.0,0.0,0.0,3.0,0.0,0.0,0.0,0.0,0.0,87.0,3.0,0.0,0.0,0.0,2.0,4.0,2.0,2.0,0.0,10.0,31.0,31.0
0.083,0.333,99.583,0.0,0.0,0.0,0.0,33112064.0,0.0,0.0,1010.0,1010.0,1010.0,8.0,7.990,7.880,632557568.0,135258112.0,3154767872.0,1.31308486656e+11,0.0,1.0,0.0,0.0,16164.0,0.0,4294963200.0,01-08 05:32:11,16549.0,33018.0,0.0,192.0,259350.0,0.0,0.0,3.0,0.0,0.0,0.0,0.0,0.0,87.0,3.0,0.0,0.0,0.0,2.0,4.0,2.0,2.0,0.0,10.0,30.0,34.0
0.0,0.084,99.916,0.0,0.0,0.0,0.0,33284096.0,0.0,0.0,1016.0,1016.0,1016.0,8.0,7.990,7.880,632557568.0,135258112.0,3154767872.0,1.31308486656e+11,0.0,1.0,0.0,0.0,16256.0,0.0,4294963200.0,01-08 05:32:12,16632.0,33202.0,0.0,192.0,259350.0,0.0,0.0,3.0,0.0,0.0,0.0,0.0,0.0,87.0,3.0,0.0,0.0,0.0,2.0,4.0,2.0,2.0,0.0,10.0,31.0,31.0
0.167,0.333,99.500,0.0,0.0,0.0,0.0,33398784.0,0.0,0.0,1020.0,1019.0,1019.0,8.0,7.990,7.880,632557568.0,135258112.0,3154767872.0,1.31308486656e+11,0.0,1.0,0.0,0.0,16308.0,0.0,4294963200.0,01-08 05:32:13,16688.0,33302.0,0.0,192.0,259350.0,0.0,0.0,3.0,0.0,0.0,0.0,0.0,0.0,87.0,3.0,0.0,0.0,0.0,2.0,4.0,2.0,2.0,0.0,10.0,31.0,30.0
0.042,0.334,99.624,0.0,0.0,0.0,0.0,33210368.0,0.0,0.0,1013.0,1014.0,1013.0,8.0,7.990,7.880,632557568.0,135258112.0,3154767872.0,1.31308486656e+11,0.0,1.0,0.0,0.0,16208.0,0.0,4294963200.0,01-08 05:32:14,16583.0,33090.0,0.0,192.0,259350.0,0.0,0.0,3.0,0.0,0.0,0.0,0.0,0.0,87.0,3.0,0.0,0.0,0.0,2.0,4.0,2.0,2.0,0.0,10.0,30.0,30.0
0.083,0.209,99.666,0.042,0.0,0.0,0.0,33484800.0,0.0,0.0,1022.0,1021.0,1022.0,8.0,7.990,7.880,632557568.0,135258112.0,3154767872.0,1.31308486656e+11,0.0,1.0,0.0,0.0,16352.0,0.0,4294963200.0,01-08 05:32:15,16732.0,33386.0,0.0,192.0,259350.0,0.0,0.0,3.0,0.0,0.0,0.0,0.0,0.0,87.0,3.0,0.0,0.0,0.0,2.0,4.0,2.0,2.0,0.0,10.0,32.0,32.0
0.0,0.209,99.791,0.0,0.0,0.0,0.0,33280000.0,0.0,0.0,1015.0,1016.0,1016.0,8.0,7.990,7.880,632553472.0,135258112.0,3154771968.0,1.31308486656e+11,0.0,1.0,0.0,0.0,16250.0,0.0,4294963200.0,01-08 05:32:16,16622.0,33176.0,0.0,192.0,259350.0,0.0,0.0,3.0,0.0,0.0,0.0,0.0,0.0,87.0,3.0,0.0,0.0,0.0,2.0,4.0,2.0,2.0,0.0,10.0,31.0,30.0
0.042,0.334,99.624,0.0,0.0,0.0,0.0,33411072.0,0.0,0.0,1020.0,1020.0,1020.0,8.0,7.990,7.880,632553472.0,135258112.0,3154771968.0,1.31308486656e+11,0.0,1.0,0.0,0.0,16314.0,0.0,4294963200.0,01-08 05:32:17,16695.0,33314.0,0.0,192.0,259350.0,0.0,0.0,3.0,0.0,0.0,0.0,0.0,0.0,87.0,3.0,0.0,0.0,0.0,2.0,4.0,2.0,2.0,0.0,10.0,31.0,31.0
0.167,0.209,99.625,0.0,0.0,0.0,0.0,33402880.0,0.0,0.0,1019.0,1019.0,1019.0,8.0,7.990,7.880,632553472.0,135258112.0,3154771968.0,1.31308486656e+11,0.0,1.0,0.0,0.0,16310.0,0.0,4294963200.0,01-08 05:32:18,16689.0,33303.0,0.0,192.0,259350.0,0.0,0.0,3.0,0.0,0.0,0.0,0.0,0.0,87.0,3.0,0.0,0.0,0.0,2.0,4.0,2.0,2.0,0.0,10.0,30.0,30.0
0.083,0.500,99.417,0.0,0.0,0.0,0.0,33439744.0,0.0,0.0,1020.0,1020.0,1020.0,8.0,7.990,7.880,632553472.0,135258112.0,3154771968.0,1.31308486656e+11,0.0,1.0,0.0,0.0,16322.0,0.0,4294963200.0,01-08 05:32:19,16708.0,33323.0,0.0,192.0,259350.0,0.0,0.0,3.0,0.0,0.0,0.0,0.0,0.0,87.0,3.0,0.0,0.0,0.0,2.0,4.0,2.0,2.0,0.0,10.0,31.0,31.0
0.083,0.333,99.583,0.0,0.0,0.0,0.0,32944128.0,0.0,0.0,1006.0,1006.0,1005.0,8.0,7.990,7.880,632553472.0,135258112.0,3154771968.0,1.31308486656e+11,0.0,1.0,0.0,0.0,16084.0,0.0,4294963200.0,01-08 05:32:20,16469.0,32849.0,0.0,192.0,259350.0,0.0,0.0,3.0,0.0,0.0,0.0,0.0,0.0,87.0,3.0,0.0,0.0,0.0,2.0,4.0,2.0,2.0,0.0,10.0,30.0,30.0
0.167,0.125,99.708,0.0,0.0,0.0,0.0,32985088.0,0.0,0.0,1006.0,1006.0,1007.0,8.0,7.990,7.880,632553472.0,135258112.0,3154771968.0,1.31308486656e+11,0.0,1.0,0.0,0.0,16108.0,0.0,4294963200.0,01-08 05:32:21,16487.0,32898.0,0.0,192.0,259350.0,0.0,0.0,3.0,0.0,0.0,0.0,0.0,0.0,87.0,3.0,0.0,0.0,0.0,2.0,4.0,2.0,2.0,0.0,10.0,31.0,31.0
0.042,0.292,99.666,0.0,0.0,0.0,0.0,33357824.0,0.0,0.0,1018.0,1018.0,1018.0,8.0,7.990,7.880,632553472.0,135258112.0,3154771968.0,1.31308486656e+11,0.0,1.0,0.0,0.0,16271.0,0.0,4294963200.0,01-08 05:32:22,16657.0,33236.0,0.0,192.0,259350.0,0.0,0.0,3.0,0.0,0.0,0.0,0.0,0.0,87.0,3.0,0.0,0.0,0.0,2.0,4.0,2.0,2.0,0.0,10.0,32.0,31.0
0.084,0.125,99.791,0.0,0.0,0.0,0.0,33669120.0,0.0,0.0,1028.0,1028.0,1027.0,8.0,7.990,7.880,632553472.0,135258112.0,3154771968.0,1.31308486656e+11,0.0,1.0,0.0,0.0,16450.0,0.0,4294963200.0,01-08 05:32:23,16824.0,33583.0,0.0,192.0,259350.0,0.0,0.0,3.0,0.0,0.0,0.0,0.0,0.0,87.0,3.0,0.0,0.0,0.0,2.0,4.0,2.0,2.0,0.0,10.0,30.0,33.0
0.042,0.084,99.833,0.042,0.0,0.0,0.0,33603584.0,0.0,0.0,1025.0,1025.0,1026.0,8.0,7.990,7.880,632553472.0,135258112.0,3154771968.0,1.31308486656e+11,0.0,1.0,0.0,0.0,16408.0,0.0,4294963200.0,01-08 05:32:24,16777.0,33491.0,0.0,192.0,259350.0,0.0,0.0,3.0,0.0,0.0,0.0,0.0,0.0,87.0,3.0,0.0,0.0,0.0,2.0,4.0,2.0,2.0,0.0,10.0,31.0,31.0
0.0,0.0,100.0,0.0,0.0,0.0,0.0,35409920.0,0.0,0.0,1027.0,1027.0,1027.0,8.0,7.990,7.880,632553472.0,135258112.0,3154771968.0,1.31308486656e+11,0.0,1.0,0.0,0.0,16450.0,0.0,4294963200.0,01-08 05:32:25,16841.0,33605.0,0.0,192.0,259350.0,0.0,0.0,3.0,0.0,0.0,0.0,0.0,0.0,87.0,3.0,0.0,0.0,0.0,2.0,4.0,2.0,2.0,0.0,10.0,299.0,286.0
0.208,0.333,99.417,0.0,0.0,0.042,0.0,33640448.0,0.0,0.0,1027.0,1027.0,1026.0,8.0,7.990,7.880,632680448.0,135258112.0,3154771968.0,1.3130835968e+11,0.0,1.0,0.0,0.0,16426.0,0.0,4294963200.0,01-08 05:32:26,16818.0,33541.0,0.0,192.0,259350.0,0.0,0.0,3.0,0.0,0.0,0.0,0.0,0.0,87.0,3.0,0.0,0.0,0.0,2.0,4.0,2.0,2.0,0.0,10.0,31.0,31.0
0.042,0.125,99.833,0.0,0.0,0.0,0.0,33644544.0,0.0,0.0,1026.0,1026.0,1027.0,8.0,7.990,7.880,632680448.0,135258112.0,3154771968.0,1.3130835968e+11,0.0,1.0,0.0,0.0,16420.0,0.0,4294963200.0,01-08 05:32:27,16789.0,33511.0,0.0,192.0,259350.0,0.0,0.0,3.0,0.0,0.0,0.0,0.0,0.0,87.0,3.0,0.0,0.0,0.0,2.0,4.0,2.0,2.0,0.0,10.0,30.0,31.0
0.125,0.125,99.749,0.0,0.0,0.0,0.0,33628160.0,0.0,0.0,1027.0,1026.0,1026.0,8.0,7.990,7.880,632680448.0,135258112.0,3154771968.0,1.3130835968e+11,0.0,1.0,0.0,0.0,16418.0,0.0,4294963200.0,01-08 05:32:28,16792.0,33512.0,0.0,192.0,259350.0,0.0,0.0,3.0,0.0,0.0,0.0,0.0,0.0,87.0,3.0,0.0,0.0,0.0,2.0,4.0,2.0,2.0,0.0,10.0,31.0,31.0
0.083,0.375,99.541,0.0,0.0,0.0,0.0,33472512.0,0.0,0.0,1021.0,1022.0,1022.0,8.0,7.990,7.880,632676352.0,135258112.0,3154776064.0,1.3130835968e+11,0.0,1.0,0.0,0.0,16348.0,0.0,4294963200.0,01-08 05:32:29,16738.0,33390.0,0.0,192.0,259350.0,0.0,0.0,3.0,0.0,0.0,0.0,0.0,0.0,87.0,3.0,0.0,0.0,0.0,2.0,4.0,2.0,2.0,0.0,10.0,31.0,30.0
0.0,0.250,99.708,0.042,0.0,0.0,0.0,33165312.0,0.0,0.0,1012.0,1012.0,1012.0,8.0,7.990,7.880,632676352.0,135258112.0,3154776064.0,1.3130835968e+11,0.0,1.0,0.0,0.0,16194.0,0.0,4294963200.0,01-08 05:32:30,16570.0,33071.0,0.0,192.0,259350.0,0.0,0.0,3.0,0.0,0.0,0.0,0.0,0.0,87.0,3.0,0.0,0.0,0.0,2.0,4.0,2.0,2.0,0.0,10.0,31.0,31.0
0.042,0.209,99.749,0.0,0.0,0.0,0.0,32677888.0,0.0,0.0,997.0,997.0,997.0,8.0,7.990,7.880,632676352.0,135258112.0,3154776064.0,1.3130835968e+11,0.0,1.0,0.0,0.0,15954.0,0.0,4294963200.0,01-08 05:32:31,16331.0,32583.0,0.0,192.0,259350.0,0.0,0.0,3.0,0.0,0.0,0.0,0.0,0.0,87.0,3.0,0.0,0.0,0.0,2.0,4.0,2.0,2.0,0.0,10.0,30.0,38.0
0.042,0.292,99.666,0.0,0.0,0.0,0.0,33089536.0,0.0,0.0,1010.0,1010.0,1010.0,8.0,7.990,7.880,632676352.0,135258112.0,3154776064.0,1.3130835968e+11,0.0,1.0,0.0,0.0,16158.0,0.0,4294963200.0,01-08 05:32:32,16537.0,32999.0,0.0,192.0,259350.0,0.0,0.0,3.0,0.0,0.0,0.0,0.0,0.0,87.0,3.0,0.0,0.0,0.0,2.0,4.0,2.0,2.0,0.0,10.0,30.0,30.0
0.042,0.209,99.749,0.0,0.0,0.0,0.0,33087488.0,0.0,0.0,1010.0,1010.0,1010.0,8.0,7.990,7.880,632676352.0,135258112.0,3154776064.0,1.3130835968e+11,0.0,1.0,0.0,0.0,16156.0,0.0,4294963200.0,01-08 05:32:33,16531.0,32997.0,0.0,192.0,259350.0,0.0,0.0,3.0,0.0,0.0,0.0,0.0,0.0,87.0,3.0,0.0,0.0,0.0,2.0,4.0,2.0,2.0,0.0,10.0,31.0,31.0
0.083,0.375,99.541,0.0,0.0,0.0,0.0,33568768.0,0.0,0.0,1024.0,1024.0,1024.0,8.0,7.990,7.880,632676352.0,135258112.0,3154776064.0,1.3130835968e+11,0.0,1.0,0.0,0.0,16386.0,0.0,4294963200.0,01-08 05:32:34,16767.0,33439.0,0.0,192.0,259350.0,0.0,0.0,3.0,0.0,0.0,0.0,0.0,0.0,87.0,3.0,0.0,0.0,0.0,2.0,4.0,2.0,2.0,0.0,10.0,30.0,30.0
0.083,0.333,99.541,0.042,0.0,0.0,0.0,33771520.0,0.0,0.0,1030.0,1030.0,1030.0,8.0,7.990,7.880,632549376.0,135258112.0,3154776064.0,1.31308486656e+11,0.0,1.0,0.0,0.0,16486.0,0.0,4294963200.0,01-08 05:32:35,16868.0,33661.0,0.0,192.0,259350.0,0.0,0.0,3.0,0.0,0.0,0.0,0.0,0.0,87.0,3.0,0.0,0.0,0.0,2.0,4.0,2.0,2.0,0.0,10.0,32.0,37.0
0.084,0.251,99.666,0.0,0.0,0.0,0.0,33337344.0,0.0,0.0,1018.0,1018.0,1018.0,8.0,7.990,7.880,632549376.0,135258112.0,3154776064.0,1.31308486656e+11,0.0,1.0,0.0,0.0,16276.0,0.0,4294963200.0,01-08 05:32:36,16653.0,33229.0,0.0,192.0,259350.0,0.0,0.0,3.0,0.0,0.0,0.0,0.0,0.0,87.0,3.0,0.0,0.0,0.0,2.0,4.0,2.0,2.0,0.0,10.0,30.0,30.0
0.125,0.375,99.500,0.0,0.0,0.0,0.0,33112064.0,0.0,0.0,1010.0,1010.0,1010.0,8.0,7.990,7.880,632549376.0,135258112.0,3154776064.0,1.31308486656e+11,0.0,1.0,0.0,0.0,16174.0,0.0,4294963200.0,01-08 05:32:37,16559.0,33036.0,0.0,192.0,259350.0,0.0,0.0,3.0,0.0,0.0,0.0,0.0,0.0,87.0,3.0,0.0,0.0,0.0,2.0,4.0,2.0,2.0,0.0,10.0,31.0,31.0
0.042,0.167,99.791,0.0,0.0,0.0,0.0,33232896.0,0.0,0.0,1014.0,1014.0,1014.0,8.0,7.990,7.880,632549376.0,135258112.0,3154776064.0,1.31308486656e+11,0.0,1.0,0.0,0.0,16226.0,0.0,4294963200.0,01-08 05:32:38,16602.0,33130.0,0.0,192.0,259350.0,0.0,0.0,3.0,0.0,0.0,0.0,0.0,0.0,87.0,3.0,0.0,0.0,0.0,2.0,4.0,2.0,2.0,0.0,10.0,30.0,30.0
0.042,0.209,99.749,0.0,0.0,0.0,0.0,33300480.0,0.0,0.0,1016.0,1016.0,1016.0,8.0,7.990,7.890,632549376.0,135258112.0,3154776064.0,1.31308486656e+11,0.0,1.0,0.0,0.0,16254.0,0.0,4294963200.0,01-08 05:32:39,16896.0,33187.0,0.0,192.0,259350.0,0.0,0.0,3.0,0.0,0.0,0.0,0.0,0.0,87.0,3.0,0.0,0.0,0.0,2.0,4.0,2.0,2.0,0.0,10.0,31.0,34.0
0.042,0.042,99.916,0.0,0.0,0.0,0.0,32929792.0,0.0,0.0,1005.0,1005.0,1005.0,8.0,7.990,7.890,632549376.0,135258112.0,3154776064.0,1.31308486656e+11,0.0,1.0,0.0,0.0,16080.0,0.0,4294963200.0,01-08 05:32:40,17512.0,32838.0,0.0,192.0,259350.0,0.0,0.0,3.0,0.0,0.0,0.0,0.0,0.0,87.0,3.0,0.0,0.0,0.0,2.0,4.0,2.0,2.0,0.0,10.0,30.0,30.0
0.0,0.334,99.666,0.0,0.0,0.0,0.0,33792000.0,0.0,0.0,1032.0,1031.0,1031.0,8.0,7.990,7.890,632545280.0,135258112.0,3154780160.0,1.31308486656e+11,0.0,1.0,0.0,0.0,16500.0,0.0,4294963200.0,01-08 05:32:41,17976.0,33673.0,0.0,192.0,259350.0,0.0,0.0,3.0,0.0,0.0,0.0,0.0,0.0,87.0,3.0,0.0,0.0,0.0,2.0,4.0,2.0,2.0,0.0,10.0,31.0,30.0
0.042,0.292,99.625,0.042,0.0,0.0,0.0,33296384.0,0.0,0.0,1016.0,1017.0,1016.0,8.0,7.990,7.890,632545280.0,135258112.0,3154780160.0,1.31308486656e+11,2.0,0.0,0.0,0.0,16260.0,0.0,4294963200.0,01-08 05:32:42,16642.0,33211.0,0.0,192.0,259350.0,0.0,0.0,3.0,0.0,0.0,0.0,0.0,0.0,87.0,3.0,0.0,0.0,0.0,2.0,4.0,2.0,2.0,0.0,10.0,31.0,31.0
0.083,0.292,99.625,0.0,0.0,0.0,0.0,33382400.0,0.0,0.0,1018.0,1018.0,1019.0,8.0,7.990,7.890,632545280.0,135258112.0,3154780160.0,1.31308486656e+11,0.0,1.0,0.0,0.0,16298.0,0.0,4294963200.0,01-08 05:32:43,16676.0,33274.0,0.0,192.0,259350.0,0.0,0.0,3.0,0.0,0.0,0.0,0.0,0.0,87.0,3.0,0.0,0.0,0.0,2.0,4.0,2.0,2.0,0.0,10.0,30.0,31.0
0.083,0.417,99.500,0.0,0.0,0.0,0.0,33595392.0,0.0,0.0,1025.0,1025.0,1025.0,8.0,7.990,7.890,632545280.0,135258112.0,3154780160.0,1.31308486656e+11,0.0,1.0,0.0,0.0,16394.0,0.0,4294963200.0,01-08 05:32:44,16775.0,33463.0,0.0,192.0,259350.0,0.0,0.0,3.0,0.0,0.0,0.0,0.0,0.0,87.0,3.0,0.0,0.0,0.0,2.0,4.0,2.0,2.0,0.0,10.0,31.0,31.0
0.125,0.458,99.417,0.0,0.0,0.0,0.0,33464320.0,0.0,0.0,1022.0,1021.0,1021.0,8.0,7.990,7.890,632545280.0,135258112.0,3154780160.0,1.31308486656e+11,1.0,1.0,0.0,0.0,16344.0,0.0,4294963200.0,01-08 05:32:45,16731.0,33366.0,0.0,192.0,259350.0,0.0,0.0,3.0,0.0,0.0,0.0,0.0,0.0,87.0,3.0,0.0,0.0,0.0,2.0,4.0,2.0,2.0,0.0,10.0,30.0,30.0
0.083,0.292,99.625,0.0,0.0,0.0,0.0,33472512.0,0.0,0.0,1021.0,1022.0,1022.0,8.0,7.990,7.890,632545280.0,135258112.0,3154780160.0,1.31308486656e+11,0.0,1.0,0.0,0.0,16344.0,0.0,4294963200.0,01-08 05:32:46,16723.0,33368.0,0.0,192.0,259350.0,0.0,0.0,3.0,0.0,0.0,0.0,0.0,0.0,87.0,3.0,0.0,0.0,0.0,2.0,4.0,2.0,2.0,0.0,10.0,31.0,31.0
0.083,0.250,99.666,0.0,0.0,0.0,0.0,33390592.0,0.0,0.0,1019.0,1018.0,1018.0,8.0,7.990,7.890,632545280.0,135258112.0,3154780160.0,1.31308486656e+11,0.0,1.0,0.0,0.0,16280.0,0.0,4294963200.0,01-08 05:32:47,16668.0,33254.0,0.0,192.0,259350.0,0.0,0.0,3.0,0.0,0.0,0.0,0.0,0.0,87.0,3.0,0.0,0.0,0.0,2.0,4.0,2.0,2.0,0.0,10.0,30.0,35.0
0.0,0.251,99.749,0.0,0.0,0.0,0.0,33435648.0,0.0,0.0,1020.0,1021.0,1021.0,8.0,7.990,7.890,632545280.0,135258112.0,3154780160.0,1.31308486656e+11,0.0,1.0,0.0,0.0,16350.0,0.0,4294963200.0,01-08 05:32:48,16732.0,33384.0,0.0,192.0,259350.0,0.0,0.0,3.0,0.0,0.0,0.0,0.0,0.0,87.0,3.0,0.0,0.0,0.0,2.0,4.0,2.0,2.0,0.0,10.0,31.0,31.0
0.0,0.042,99.958,0.0,0.0,0.0,0.0,33538048.0,0.0,0.0,1024.0,1023.0,1023.0,8.0,7.990,7.890,632545280.0,135258112.0,3154780160.0,1.31308486656e+11,0.0,1.0,0.0,0.0,16368.0,0.0,4294963200.0,01-08 05:32:49,16733.0,33411.0,0.0,192.0,259350.0,0.0,0.0,3.0,0.0,0.0,0.0,0.0,0.0,87.0,3.0,0.0,0.0,0.0,2.0,4.0,2.0,2.0,0.0,10.0,30.0,30.0
0.083,0.250,99.625,0.042,0.0,0.0,0.0,32866304.0,0.0,0.0,1003.0,1003.0,1003.0,8.0,7.990,7.890,632545280.0,135258112.0,3154780160.0,1.31308486656e+11,0.0,1.0,0.0,0.0,16050.0,0.0,4294963200.0,01-08 05:32:50,16428.0,32786.0,0.0,192.0,259350.0,0.0,0.0,3.0,0.0,0.0,0.0,0.0,0.0,87.0,3.0,0.0,0.0,0.0,2.0,4.0,2.0,2.0,0.0,10.0,31.0,31.0
0.0,0.126,99.874,0.0,0.0,0.0,0.0,33599488.0,0.0,0.0,1025.0,1026.0,1026.0,8.0,7.990,7.890,632545280.0,135258112.0,3154780160.0,1.31308486656e+11,0.0,1.0,0.0,0.0,16406.0,0.0,4294963200.0,01-08 05:32:51,16779.0,33497.0,0.0,192.0,259350.0,0.0,0.0,3.0,0.0,0.0,0.0,0.0,0.0,87.0,3.0,0.0,0.0,0.0,2.0,4.0,2.0,2.0,0.0,10.0,30.0,33.0
0.042,0.125,99.833,0.0,0.0,0.0,0.0,33280000.0,0.0,0.0,1016.0,1015.0,1015.0,8.0,7.990,7.890,632545280.0,135258112.0,3154780160.0,1.31308486656e+11,0.0,1.0,0.0,0.0,16250.0,0.0,4294963200.0,01-08 05:32:52,16623.0,33182.0,0.0,192.0,259350.0,0.0,0.0,3.0,0.0,0.0,0.0,0.0,0.0,87.0,3.0,0.0,0.0,0.0,2.0,4.0,2.0,2.0,0.0,10.0,30.0,30.0
0.0,0.042,99.958,0.0,0.0,0.0,0.0,33284096.0,0.0,0.0,1015.0,1016.0,1016.0,8.0,7.990,7.890,632545280.0,135258112.0,3154780160.0,1.31308486656e+11,1.0,0.0,0.0,0.0,16250.0,0.0,4294963200.0,01-08 05:32:53,16617.0,33183.0,0.0,192.0,259350.0,0.0,0.0,3.0,0.0,0.0,0.0,0.0,0.0,87.0,3.0,0.0,0.0,0.0,2.0,4.0,2.0,2.0,0.0,10.0,31.0,31.0
0.208,0.333,99.459,0.0,0.0,0.0,0.0,33263616.0,0.0,0.0,1015.0,1015.0,1015.0,8.0,7.990,7.890,632541184.0,135258112.0,3154784256.0,1.31308486656e+11,0.0,1.0,0.0,0.0,16238.0,0.0,4294963200.0,01-08 05:32:54,16620.0,33146.0,0.0,192.0,259350.0,0.0,0.0,3.0,0.0,0.0,0.0,0.0,0.0,87.0,3.0,0.0,0.0,0.0,2.0,4.0,2.0,2.0,0.0,10.0,31.0,30.0
0.084,0.167,99.708,0.042,0.0,0.0,0.0,33337344.0,0.0,0.0,1018.0,1017.0,1017.0,8.0,7.990,7.890,632541184.0,135258112.0,3154784256.0,1.31308486656e+11,0.0,1.0,0.0,0.0,16280.0,0.0,4294963200.0,01-08 05:32:55,16662.0,33253.0,0.0,192.0,259350.0,0.0,0.0,3.0,0.0,0.0,0.0,0.0,0.0,87.0,3.0,0.0,0.0,0.0,2.0,4.0,2.0,2.0,0.0,10.0,31.0,32.0
0.042,0.125,99.833,0.0,0.0,0.0,0.0,33210368.0,0.0,0.0,1013.0,1014.0,1014.0,8.0,7.990,7.890,632541184.0,135258112.0,3154784256.0,1.31308486656e+11,0.0,1.0,0.0,0.0,16214.0,0.0,4294963200.0,01-08 05:32:56,16584.0,33102.0,0.0,192.0,259350.0,0.0,0.0,3.0,0.0,0.0,0.0,0.0,0.0,87.0,3.0,0.0,0.0,0.0,2.0,4.0,2.0,2.0,0.0,10.0,39.0,30.0
0.042,0.209,99.749,0.0,0.0,0.0,0.0,33255424.0,0.0,0.0,1014.0,1014.0,1014.0,8.0,7.990,7.890,632700928.0,135258112.0,3154784256.0,1.31308326912e+11,0.0,1.0,0.0,0.0,16227.0,0.0,4294963200.0,01-08 05:32:57,16616.0,33154.0,0.0,192.0,259350.0,0.0,0.0,3.0,0.0,0.0,0.0,0.0,0.0,87.0,3.0,0.0,0.0,0.0,2.0,4.0,2.0,2.0,0.0,10.0,46.0,37.0
0.0,0.0,100.0,0.0,0.0,0.0,0.0,33026048.0,0.0,0.0,1008.0,1008.0,1008.0,8.0,7.990,7.890,632700928.0,135258112.0,3154784256.0,1.31308326912e+11,1.0,1.0,0.0,0.0,16125.0,0.0,4294963200.0,01-08 05:32:58,16491.0,32926.0,0.0,192.0,259350.0,0.0,0.0,3.0,0.0,0.0,0.0,0.0,0.0,87.0,3.0,0.0,0.0,0.0,2.0,4.0,2.0,2.0,0.0,10.0,30.0,30.0
0.084,0.084,99.833,0.0,0.0,0.0,0.0,33480704.0,0.0,0.0,1021.0,1021.0,1021.0,8.0,7.990,7.890,632700928.0,135258112.0,3154784256.0,1.31308326912e+11,0.0,1.0,0.0,0.0,16343.0,0.0,4294963200.0,01-08 05:32:59,16716.0,33369.0,0.0,192.0,259350.0,0.0,0.0,3.0,0.0,0.0,0.0,0.0,0.0,87.0,3.0,0.0,0.0,0.0,2.0,4.0,2.0,2.0,0.0,10.0,31.0,32.0
0.0,0.167,99.833,0.0,0.0,0.0,0.0,33107968.0,0.0,0.0,1011.0,1011.0,1010.0,8.0,7.990,7.890,632700928.0,135258112.0,3154784256.0,1.31308326912e+11,0.0,1.0,0.0,0.0,16166.0,0.0,4294963200.0,01-08 05:33:00,16543.0,33015.0,0.0,192.0,259350.0,0.0,0.0,3.0,0.0,0.0,0.0,0.0,0.0,87.0,3.0,0.0,0.0,0.0,2.0,4.0,2.0,2.0,0.0,10.0,31.0,30.0
0.042,0.375,99.583,0.0,0.0,0.0,0.0,33370112.0,0.0,0.0,1018.0,1018.0,1019.0,8.0,7.990,7.890,632700928.0,135258112.0,3154784256.0,1.31308326912e+11,0.0,1.0,0.0,0.0,16292.0,0.0,4294963200.0,01-08 05:33:01,16671.0,33263.0,0.0,192.0,259350.0,0.0,0.0,3.0,0.0,0.0,0.0,0.0,0.0,87.0,3.0,0.0,0.0,0.0,2.0,4.0,2.0,2.0,0.0,10.0,30.0,30.0
0.083,0.417,99.500,0.0,0.0,0.0,0.0,33103872.0,0.0,0.0,1010.0,1010.0,1010.0,8.0,7.990,7.890,632700928.0,135258112.0,3154784256.0,1.31308326912e+11,0.0,1.0,0.0,0.0,16166.0,0.0,4294963200.0,01-08 05:33:02,16555.0,33022.0,0.0,192.0,259350.0,0.0,0.0,3.0,0.0,0.0,0.0,0.0,0.0,87.0,3.0,0.0,0.0,0.0,2.0,4.0,2.0,2.0,0.0,10.0,31.0,31.0
0.042,0.251,99.708,0.0,0.0,0.0,0.0,33181696.0,0.0,0.0,1013.0,1013.0,1013.0,8.0,7.990,7.890,632700928.0,135258112.0,3154784256.0,1.31308326912e+11,0.0,1.0,0.0,0.0,16201.0,0.0,4294963200.0,01-08 05:33:03,16576.0,33079.0,0.0,192.0,259350.0,0.0,0.0,3.0,0.0,0.0,0.0,0.0,0.0,87.0,3.0,0.0,0.0,0.0,2.0,4.0,2.0,2.0,0.0,10.0,30.0,32.0
0.0,0.042,99.916,0.042,0.0,0.0,0.0,33521664.0,0.0,0.0,1022.0,1022.0,1022.0,8.0,7.990,7.890,632700928.0,135258112.0,3154784256.0,1.31308326912e+11,0.0,1.0,0.0,0.0,16359.0,0.0,4294963200.0,01-08 05:33:04,16728.0,33394.0,0.0,192.0,259350.0,0.0,0.0,3.0,0.0,0.0,0.0,0.0,0.0,87.0,3.0,0.0,0.0,0.0,2.0,4.0,2.0,2.0,0.0,10.0,31.0,31.0
0.083,0.500,99.417,0.0,0.0,0.0,0.0,33411072.0,0.0,0.0,1020.0,1020.0,1020.0,8.0,7.990,7.890,632700928.0,135258112.0,3154784256.0,1.31308326912e+11,0.0,1.0,0.0,0.0,16318.0,0.0,4294963200.0,01-08 05:33:05,16702.0,33315.0,0.0,192.0,259350.0,0.0,0.0,3.0,0.0,0.0,0.0,0.0,0.0,87.0,3.0,0.0,0.0,0.0,2.0,4.0,2.0,2.0,0.0,10.0,30.0,30.0
0.042,0.334,99.625,0.0,0.0,0.0,0.0,33603584.0,0.0,0.0,1026.0,1026.0,1025.0,8.0,7.990,7.890,632696832.0,135258112.0,3154788352.0,1.31308326912e+11,0.0,1.0,0.0,0.0,16408.0,0.0,4294963200.0,01-08 05:33:06,16798.0,33507.0,0.0,192.0,259350.0,0.0,0.0,3.0,0.0,0.0,0.0,0.0,0.0,87.0,3.0,0.0,0.0,0.0,2.0,4.0,2.0,2.0,0.0,10.0,32.0,31.0
0.042,0.167,99.791,0.0,0.0,0.0,0.0,32976896.0,0.0,0.0,1006.0,1006.0,1007.0,8.0,7.990,7.890,632696832.0,135258112.0,3154788352.0,1.31308326912e+11,0.0,1.0,0.0,0.0,16102.0,0.0,4294963200.0,01-08 05:33:07,16492.0,32889.0,0.0,192.0,259350.0,0.0,0.0,3.0,0.0,0.0,0.0,0.0,0.0,87.0,3.0,0.0,0.0,0.0,2.0,4.0,2.0,2.0,0.0,10.0,30.0,31.0
0.167,0.416,99.417,0.0,0.0,0.0,0.0,33546240.0,0.0,0.0,1024.0,1024.0,1024.0,8.0,7.990,7.890,632696832.0,135258112.0,3154788352.0,1.31308326912e+11,1.0,0.0,0.0,0.0,16380.0,0.0,4294963200.0,01-08 05:33:08,16767.0,33439.0,0.0,192.0,259350.0,0.0,0.0,3.0,0.0,0.0,0.0,0.0,0.0,87.0,3.0,0.0,0.0,0.0,2.0,4.0,2.0,2.0,0.0,10.0,31.0,31.0
0.042,0.292,99.666,0.0,0.0,0.0,0.0,33120256.0,0.0,0.0,1010.0,1010.0,1010.0,8.0,7.990,7.890,632696832.0,135258112.0,3154788352.0,1.31308326912e+11,0.0,1.0,0.0,0.0,16166.0,0.0,4294963200.0,01-08 05:33:09,16544.0,33008.0,0.0,192.0,259350.0,0.0,0.0,3.0,0.0,0.0,0.0,0.0,0.0,87.0,3.0,0.0,0.0,0.0,2.0,4.0,2.0,2.0,0.0,10.0,30.0,30.0
0.125,0.250,99.624,0.0,0.0,0.0,0.0,33660928.0,0.0,0.0,1027.0,1027.0,1027.0,8.0,7.990,7.890,632696832.0,135258112.0,3154788352.0,1.31308326912e+11,0.0,1.0,0.0,0.0,16434.0,0.0,4294963200.0,01-08 05:33:10,16816.0,33546.0,0.0,192.0,259350.0,0.0,0.0,3.0,0.0,0.0,0.0,0.0,0.0,87.0,3.0,0.0,0.0,0.0,2.0,4.0,2.0,2.0,0.0,10.0,30.0,30.0
0.125,0.292,99.541,0.042,0.0,0.0,0.0,33349632.0,0.0,0.0,1018.0,1018.0,1018.0,8.0,7.990,7.890,632569856.0,135258112.0,3154788352.0,1.31308453888e+11,0.0,1.0,0.0,0.0,16260.0,0.0,4294963200.0,01-08 05:33:11,16636.0,33190.0,0.0,192.0,259350.0,0.0,0.0,3.0,0.0,0.0,0.0,0.0,0.0,87.0,3.0,0.0,0.0,0.0,2.0,4.0,2.0,2.0,0.0,10.0,31.0,34.0
0.125,0.375,99.500,0.0,0.0,0.0,0.0,33472512.0,0.0,0.0,1021.0,1021.0,1021.0,8.0,7.990,7.890,632569856.0,135258112.0,3154788352.0,1.31308453888e+11,0.0,1.0,0.0,0.0,16344.0,0.0,4294963200.0,01-08 05:33:12,16732.0,33376.0,0.0,192.0,259350.0,0.0,0.0,3.0,0.0,0.0,0.0,0.0,0.0,87.0,3.0,0.0,0.0,0.0,2.0,4.0,2.0,2.0,0.0,10.0,30.0,30.0
0.042,0.167,99.791,0.0,0.0,0.0,0.0,33153024.0,0.0,0.0,1012.0,1012.0,1012.0,8.0,7.990,7.890,632569856.0,135258112.0,3154788352.0,1.31308453888e+11,0.0,1.0,0.0,0.0,16213.0,0.0,4294963200.0,01-08 05:33:13,16600.0,33123.0,0.0,192.0,259350.0,0.0,0.0,3.0,0.0,0.0,0.0,0.0,0.0,87.0,3.0,0.0,0.0,0.0,2.0,4.0,2.0,2.0,0.0,10.0,31.0,31.0
0.042,0.250,99.708,0.0,0.0,0.0,0.0,33411072.0,0.0,0.0,1020.0,1020.0,1019.0,8.0,7.990,7.890,632569856.0,135258112.0,3154788352.0,1.31308453888e+11,1.0,1.0,0.0,0.0,16309.0,0.0,4294963200.0,01-08 05:33:14,16682.0,33286.0,0.0,192.0,259350.0,0.0,0.0,3.0,0.0,0.0,0.0,0.0,0.0,87.0,3.0,0.0,0.0,0.0,2.0,4.0,2.0,2.0,0.0,10.0,30.0,30.0
0.042,0.167,99.791,0.0,0.0,0.0,0.0,33488896.0,0.0,0.0,1022.0,1022.0,1022.0,8.0,7.990,7.890,632569856.0,135258112.0,3154788352.0,1.31308453888e+11,0.0,1.0,0.0,0.0,16352.0,0.0,4294963200.0,01-08 05:33:15,16729.0,33381.0,0.0,192.0,259350.0,0.0,0.0,3.0,0.0,0.0,0.0,0.0,0.0,87.0,3.0,0.0,0.0,0.0,2.0,4.0,2.0,2.0,0.0,10.0,31.0,31.0
0.042,0.292,99.666,0.0,0.0,0.0,0.0,33439744.0,0.0,0.0,1020.0,1020.0,1021.0,8.0,7.990,7.890,632569856.0,135258112.0,3154788352.0,1.31308453888e+11,0.0,1.0,0.0,0.0,16328.0,0.0,4294963200.0,01-08 05:33:16,16706.0,33340.0,0.0,192.0,259350.0,0.0,0.0,3.0,0.0,0.0,0.0,0.0,0.0,87.0,3.0,0.0,0.0,0.0,2.0,4.0,2.0,2.0,0.0,10.0,30.0,30.0
0.042,0.209,99.708,0.042,0.0,0.0,0.0,33079296.0,0.0,0.0,1010.0,1010.0,1010.0,8.0,7.990,7.890,632569856.0,135258112.0,3154788352.0,1.31308453888e+11,0.0,1.0,0.0,0.0,16152.0,0.0,4294963200.0,01-08 05:33:17,16531.0,32986.0,0.0,192.0,259350.0,0.0,0.0,3.0,0.0,0.0,0.0,0.0,0.0,87.0,3.0,0.0,0.0,0.0,2.0,4.0,2.0,2.0,0.0,10.0,31.0,31.0
0.042,0.209,99.749,0.0,0.0,0.0,0.0,33353728.0,0.0,0.0,1018.0,1017.0,1017.0,8.0,7.990,7.890,632569856.0,135258112.0,3154788352.0,1.31308453888e+11,0.0,1.0,0.0,0.0,16286.0,0.0,4294963200.0,01-08 05:33:18,16663.0,33250.0,0.0,192.0,259350.0,0.0,0.0,3.0,0.0,0.0,0.0,0.0,0.0,87.0,3.0,0.0,0.0,0.0,2.0,4.0,2.0,2.0,0.0,10.0,30.0,30.0
0.083,0.250,99.666,0.0,0.0,0.0,0.0,33079296.0,0.0,0.0,1009.0,1010.0,1009.0,8.0,7.990,7.890,632565760.0,135258112.0,3154792448.0,1.31308453888e+11,0.0,1.0,0.0,0.0,16146.0,0.0,4294963200.0,01-08 05:33:19,16522.0,32965.0,0.0,192.0,259350.0,0.0,0.0,3.0,0.0,0.0,0.0,0.0,0.0,87.0,3.0,0.0,0.0,0.0,2.0,4.0,2.0,2.0,0.0,10.0,31.0,31.0
0.084,0.167,99.749,0.0,0.0,0.0,0.0,33652736.0,0.0,0.0,1027.0,1027.0,1027.0,8.0,7.990,7.890,632565760.0,135258112.0,3154792448.0,1.31308453888e+11,0.0,1.0,0.0,0.0,16430.0,0.0,4294963200.0,01-08 05:33:20,16808.0,33539.0,0.0,192.0,259350.0,0.0,0.0,3.0,0.0,0.0,0.0,0.0,0.0,87.0,3.0,0.0,0.0,0.0,2.0,4.0,2.0,2.0,0.0,10.0,32.0,31.0
0.042,0.209,99.750,0.0,0.0,0.0,0.0,33394688.0,0.0,0.0,1019.0,1019.0,1020.0,8.0,7.990,7.890,632565760.0,135258112.0,3154792448.0,1.31308453888e+11,0.0,1.0,0.0,0.0,16308.0,0.0,4294963200.0,01-08 05:33:21,16690.0,33300.0,0.0,192.0,259350.0,0.0,0.0,3.0,0.0,0.0,0.0,0.0,0.0,87.0,3.0,0.0,0.0,0.0,2.0,4.0,2.0,2.0,0.0,10.0,30.0,30.0
0.125,0.209,99.625,0.042,0.0,0.0,0.0,33361920.0,0.0,0.0,1018.0,1018.0,1018.0,8.0,7.990,7.890,632565760.0,135258112.0,3154792448.0,1.31308453888e+11,0.0,1.0,0.0,0.0,16290.0,0.0,4294963200.0,01-08 05:33:22,17308.0,33267.0,0.0,192.0,259350.0,0.0,0.0,3.0,0.0,0.0,0.0,0.0,0.0,87.0,3.0,0.0,0.0,0.0,2.0,4.0,2.0,2.0,0.0,10.0,31.0,31.0
0.167,0.333,99.500,0.0,0.0,0.0,0.0,33267712.0,0.0,0.0,1015.0,1015.0,1015.0,8.0,7.990,7.890,632565760.0,135258112.0,3154792448.0,1.31308453888e+11,0.0,1.0,0.0,0.0,16244.0,0.0,4294963200.0,01-08 05:33:23,17379.0,33172.0,0.0,192.0,259350.0,0.0,0.0,3.0,0.0,0.0,0.0,0.0,0.0,87.0,3.0,0.0,0.0,0.0,2.0,4.0,2.0,2.0,0.0,10.0,30.0,31.0
0.125,0.167,99.666,0.042,0.0,0.0,0.0,33554432.0,0.0,0.0,1024.0,1024.0,1024.0,8.0,7.990,7.890,632565760.0,135258112.0,3154792448.0,1.31308453888e+11,0.0,1.0,0.0,0.0,16378.0,0.0,4294963200.0,01-08 05:33:24,17346.0,33434.0,0.0,192.0,259350.0,0.0,0.0,3.0,0.0,0.0,0.0,0.0,0.0,87.0,3.0,0.0,0.0,0.0,2.0,4.0,2.0,2.0,0.0,10.0,31.0,31.0
0.042,0.167,99.791,0.0,0.0,0.0,0.0,33398784.0,0.0,0.0,1019.0,1019.0,1019.0,8.0,7.990,7.890,632565760.0,135258112.0,3154792448.0,1.31308453888e+11,0.0,1.0,0.0,0.0,16308.0,0.0,4294963200.0,01-08 05:33:25,16687.0,33300.0,0.0,192.0,259350.0,0.0,0.0,3.0,0.0,0.0,0.0,0.0,0.0,87.0,3.0,0.0,0.0,0.0,2.0,4.0,2.0,2.0,0.0,10.0,30.0,30.0
0.042,0.167,99.791,0.0,0.0,0.0,0.0,33361920.0,0.0,0.0,1018.0,1018.0,1018.0,8.0,7.990,7.890,632565760.0,135258112.0,3154792448.0,1.31308453888e+11,1.0,0.0,0.0,0.0,16290.0,0.0,4294963200.0,01-08 05:33:26,16662.0,33262.0,0.0,192.0,259350.0,0.0,0.0,3.0,0.0,0.0,0.0,0.0,0.0,87.0,3.0,0.0,0.0,0.0,2.0,4.0,2.0,2.0,0.0,10.0,32.0,31.0
0.042,0.250,99.708,0.0,0.0,0.0,0.0,33185792.0,0.0,0.0,1013.0,1013.0,1013.0,8.0,7.990,7.890,632565760.0,135258112.0,3154792448.0,1.31308453888e+11,0.0,1.0,0.0,0.0,16204.0,0.0,4294963200.0,01-08 05:33:27,16586.0,33097.0,0.0,192.0,259350.0,0.0,0.0,3.0,0.0,0.0,0.0,0.0,0.0,87.0,3.0,0.0,0.0,0.0,2.0,4.0,2.0,2.0,0.0,10.0,30.0,30.0
0.084,0.042,99.875,0.0,0.0,0.0,0.0,32985088.0,0.0,0.0,1006.0,1006.0,1006.0,8.0,7.990,7.890,632565760.0,135258112.0,3154792448.0,1.31308453888e+11,0.0,1.0,0.0,0.0,16082.0,0.0,4294963200.0,01-08 05:33:28,16450.0,32842.0,0.0,192.0,259350.0,0.0,0.0,3.0,0.0,0.0,0.0,0.0,0.0,87.0,3.0,0.0,0.0,0.0,2.0,4.0,2.0,2.0,0.0,10.0,30.0,30.0
0.083,0.250,99.666,0.0,0.0,0.0,0.0,33161216.0,0.0,0.0,1012.0,1012.0,1012.0,8.0,7.990,7.890,632565760.0,135258112.0,3154792448.0,1.31308453888e+11,0.0,1.0,0.0,0.0,16212.0,0.0,4294963200.0,01-08 05:33:29,16590.0,33100.0,0.0,192.0,259350.0,0.0,0.0,3.0,0.0,0.0,0.0,0.0,0.0,87.0,3.0,0.0,0.0,0.0,2.0,4.0,2.0,2.0,0.0,10.0,31.0,31.0
0.083,0.292,99.583,0.0,0.0,0.042,0.0,35057664.0,0.0,0.0,1016.0,1016.0,1015.0,8.0,7.990,7.890,632565760.0,135258112.0,3154792448.0,1.31308453888e+11,0.0,1.0,0.0,0.0,16260.0,0.0,4294963200.0,01-08 05:33:30,16659.0,33220.0,0.0,192.0,259350.0,0.0,0.0,3.0,0.0,0.0,0.0,0.0,0.0,87.0,3.0,0.0,0.0,0.0,2.0,4.0,2.0,2.0,0.0,10.0,302.0,286.0
0.0,0.125,99.833,0.042,0.0,0.0,0.0,33251328.0,0.0,0.0,1014.0,1014.0,1015.0,8.0,7.990,7.890,632565760.0,135258112.0,3154792448.0,1.31308453888e+11,0.0,1.0,0.0,0.0,16234.0,0.0,4294963200.0,01-08 05:33:31,16607.0,33157.0,0.0,192.0,259350.0,0.0,0.0,3.0,0.0,0.0,0.0,0.0,0.0,87.0,3.0,0.0,0.0,0.0,2.0,4.0,2.0,2.0,0.0,10.0,31.0,31.0
0.083,0.334,99.583,0.0,0.0,0.0,0.0,33644544.0,0.0,0.0,1027.0,1026.0,1026.0,8.0,7.990,7.890,632561664.0,135258112.0,3154796544.0,1.31308453888e+11,0.0,1.0,0.0,0.0,16401.0,0.0,4294963200.0,01-08 05:33:32,16794.0,33489.0,0.0,192.0,259350.0,0.0,0.0,3.0,0.0,0.0,0.0,0.0,0.0,87.0,3.0,0.0,0.0,0.0,2.0,4.0,2.0,2.0,0.0,10.0,35.0,31.0
0.042,0.167,99.791,0.0,0.0,0.0,0.0,33230848.0,0.0,0.0,1014.0,1015.0,1015.0,8.0,7.990,7.890,632561664.0,135258112.0,3154796544.0,1.31308453888e+11,0.0,1.0,0.0,0.0,16254.0,0.0,4294963200.0,01-08 05:33:33,16631.0,33190.0,0.0,192.0,259350.0,0.0,0.0,3.0,0.0,0.0,0.0,0.0,0.0,87.0,3.0,0.0,0.0,0.0,2.0,4.0,2.0,2.0,0.0,10.0,31.0,31.0
0.0,0.167,99.833,0.0,0.0,0.0,0.0,33308672.0,0.0,0.0,1016.0,1016.0,1016.0,8.0,7.990,7.890,632561664.0,135258112.0,3154796544.0,1.31308453888e+11,0.0,1.0,0.0,0.0,16258.0,0.0,4294963200.0,01-08 05:33:34,16629.0,33191.0,0.0,192.0,259350.0,0.0,0.0,3.0,0.0,0.0,0.0,0.0,0.0,87.0,3.0,0.0,0.0,0.0,2.0,4.0,2.0,2.0,0.0,10.0,30.0,30.0
0.042,0.042,99.916,0.0,0.0,0.0,0.0,33517568.0,0.0,0.0,1023.0,1023.0,1023.0,8.0,7.990,7.890,632561664.0,135258112.0,3154796544.0,1.31308453888e+11,0.0,1.0,0.0,0.0,16366.0,0.0,4294963200.0,01-08 05:33:35,16742.0,33422.0,0.0,192.0,259350.0,0.0,0.0,3.0,0.0,0.0,0.0,0.0,0.0,87.0,3.0,0.0,0.0,0.0,2.0,4.0,2.0,2.0,0.0,10.0,31.0,32.0
0.042,0.292,99.666,0.0,0.0,0.0,0.0,33587200.0,0.0,0.0,1025.0,1025.0,1025.0,8.0,7.990,7.890,632561664.0,135258112.0,3154796544.0,1.31308453888e+11,0.0,1.0,0.0,0.0,16400.0,0.0,4294963200.0,01-08 05:33:36,16780.0,33477.0,0.0,192.0,259350.0,0.0,0.0,3.0,0.0,0.0,0.0,0.0,0.0,87.0,3.0,0.0,0.0,0.0,2.0,4.0,2.0,2.0,0.0,10.0,30.0,30.0
0.042,0.084,99.874,0.0,0.0,0.0,0.0,33624064.0,0.0,0.0,1026.0,1026.0,1026.0,8.0,7.990,7.890,632561664.0,135258112.0,3154796544.0,1.31308453888e+11,0.0,1.0,0.0,0.0,16418.0,0.0,4294963200.0,01-08 05:33:37,16800.0,33523.0,0.0,192.0,259350.0,0.0,0.0,3.0,0.0,0.0,0.0,0.0,0.0,87.0,3.0,0.0,0.0,0.0,2.0,4.0,2.0,2.0,0.0,10.0,30.0,30.0
0.083,0.375,99.500,0.042,0.0,0.0,0.0,33026048.0,0.0,0.0,1008.0,1008.0,1008.0,8.0,7.990,7.890,632561664.0,135258112.0,3154796544.0,1.31308453888e+11,0.0,1.0,0.0,0.0,16120.0,0.0,4294963200.0,01-08 05:33:38,16502.0,32919.0,0.0,192.0,259350.0,0.0,0.0,3.0,0.0,0.0,0.0,0.0,0.0,87.0,3.0,0.0,0.0,0.0,2.0,4.0,2.0,2.0,0.0,10.0,31.0,31.0
0.083,0.375,99.541,0.0,0.0,0.0,0.0,33374208.0,0.0,0.0,1018.0,1018.0,1018.0,8.0,7.990,7.890,632561664.0,135258112.0,3154796544.0,1.31308453888e+11,0.0,1.0,0.0,0.0,16296.0,0.0,4294963200.0,01-08 05:33:39,16678.0,33271.0,0.0,192.0,259350.0,0.0,0.0,3.0,0.0,0.0,0.0,0.0,0.0,87.0,3.0,0.0,0.0,0.0,2.0,4.0,2.0,2.0,0.0,10.0,30.0,42.0
0.042,0.209,99.749,0.0,0.0,0.0,0.0,33775616.0,0.0,0.0,1031.0,1031.0,1031.0,8.0,7.990,7.890,632561664.0,135258112.0,3154796544.0,1.31308453888e+11,0.0,1.0,0.0,0.0,16490.0,0.0,4294963200.0,01-08 05:33:40,16864.0,33657.0,0.0,192.0,259350.0,0.0,0.0,3.0,0.0,0.0,0.0,0.0,0.0,87.0,3.0,0.0,0.0,0.0,2.0,4.0,2.0,2.0,0.0,10.0,32.0,31.0
0.084,0.084,99.833,0.0,0.0,0.0,0.0,33554432.0,0.0,0.0,1024.0,1024.0,1024.0,8.0,7.990,7.890,632561664.0,135258112.0,3154796544.0,1.31308453888e+11,0.0,1.0,0.0,0.0,16382.0,0.0,4294963200.0,01-08 05:33:41,16752.0,33436.0,0.0,192.0,259350.0,0.0,0.0,3.0,0.0,0.0,0.0,0.0,0.0,87.0,3.0,0.0,0.0,0.0,2.0,4.0,2.0,2.0,0.0,10.0,30.0,30.0
0.0,0.125,99.833,0.042,0.0,0.0,0.0,33259520.0,0.0,0.0,1015.0,1015.0,1015.0,8.0,7.990,7.890,632561664.0,135258112.0,3154796544.0,1.31308453888e+11,0.0,1.0,0.0,0.0,16244.0,0.0,4294963200.0,01-08 05:33:42,16622.0,33169.0,0.0,192.0,259350.0,0.0,0.0,3.0,0.0,0.0,0.0,0.0,0.0,87.0,3.0,0.0,0.0,0.0,2.0,4.0,2.0,2.0,0.0,10.0,31.0,31.0
0.042,0.209,99.749,0.0,0.0,0.0,0.0,33288192.0,0.0,0.0,1016.0,1016.0,1016.0,8.0,7.990,7.890,632561664.0,135258112.0,3154796544.0,1.31308453888e+11,2.0,0.0,0.0,0.0,16254.0,0.0,4294963200.0,01-08 05:33:43,16630.0,33185.0,0.0,192.0,259350.0,0.0,0.0,3.0,0.0,0.0,0.0,0.0,0.0,87.0,3.0,0.0,0.0,0.0,2.0,4.0,2.0,2.0,0.0,10.0,30.0,33.0
0.084,0.167,99.749,0.0,0.0,0.0,0.0,33312768.0,0.0,0.0,1016.0,1016.0,1016.0,8.0,7.990,7.890,632557568.0,135258112.0,3154800640.0,1.31308453888e+11,0.0,1.0,0.0,0.0,16260.0,0.0,4294963200.0,01-08 05:33:44,16629.0,33187.0,0.0,192.0,259350.0,0.0,0.0,3.0,0.0,0.0,0.0,0.0,0.0,87.0,3.0,0.0,0.0,0.0,2.0,4.0,2.0,2.0,0.0,10.0,32.0,31.0
0.0,0.292,99.708,0.0,0.0,0.0,0.0,33247232.0,0.0,0.0,1015.0,1015.0,1014.0,8.0,7.990,7.890,632557568.0,135258112.0,3154800640.0,1.31308453888e+11,0.0,1.0,0.0,0.0,16232.0,0.0,4294963200.0,01-08 05:33:45,16614.0,33141.0,0.0,192.0,259350.0,0.0,0.0,3.0,0.0,0.0,0.0,0.0,0.0,87.0,3.0,0.0,0.0,0.0,2.0,4.0,2.0,2.0,0.0,7.0,21.0,21.0
0.084,0.084,99.833,0.0,0.0,0.0,0.0,33484800.0,0.0,0.0,1021.0,1021.0,1022.0,8.0,7.990,7.890,632557568.0,135258112.0,3154800640.0,1.31308453888e+11,0.0,1.0,0.0,0.0,16338.0,0.0,4294963200.0,01-08 05:33:46,16708.0,33339.0,0.0,192.0,259350.0,0.0,0.0,3.0,0.0,0.0,0.0,0.0,0.0,87.0,3.0,0.0,0.0,0.0,2.0,4.0,2.0,2.0,0.0,10.0,31.0,31.0
0.0,0.209,99.791,0.0,0.0,0.0,0.0,33398784.0,0.0,0.0,1020.0,1020.0,1020.0,8.0,7.990,7.890,632557568.0,135258112.0,3154800640.0,1.31308453888e+11,0.0,1.0,0.0,0.0,16322.0,0.0,4294963200.0,01-08 05:33:47,16700.0,33319.0,0.0,192.0,259350.0,0.0,0.0,3.0,0.0,0.0,0.0,0.0,0.0,87.0,3.0,0.0,0.0,0.0,2.0,4.0,2.0,2.0,0.0,10.0,31.0,34.0
0.208,0.333,99.459,0.0,0.0,0.0,0.0,33177600.0,0.0,0.0,1012.0,1012.0,1012.0,8.0,7.990,7.890,632557568.0,135258112.0,3154800640.0,1.31308453888e+11,0.0,1.0,0.0,0.0,16199.0,0.0,4294963200.0,01-08 05:33:48,16592.0,33074.0,0.0,192.0,259350.0,0.0,0.0,3.0,0.0,0.0,0.0,0.0,0.0,87.0,3.0,0.0,0.0,0.0,2.0,4.0,2.0,2.0,0.0,10.0,30.0,30.0
0.084,0.084,99.833,0.0,0.0,0.0,0.0,33439744.0,0.0,0.0,1021.0,1020.0,1020.0,8.0,7.990,7.890,632557568.0,135258112.0,3154800640.0,1.31308453888e+11,0.0,1.0,0.0,0.0,16323.0,0.0,4294963200.0,01-08 05:33:49,16698.0,33321.0,0.0,192.0,259350.0,0.0,0.0,3.0,0.0,0.0,0.0,0.0,0.0,87.0,3.0,0.0,0.0,0.0,2.0,4.0,2.0,2.0,0.0,10.0,31.0,31.0
0.042,0.167,99.791,0.0,0.0,0.0,0.0,33648640.0,0.0,0.0,1027.0,1027.0,1027.0,8.0,7.990,7.890,632557568.0,135258112.0,3154800640.0,1.31308453888e+11,1.0,0.0,0.0,0.0,16432.0,0.0,4294963200.0,01-08 05:33:50,16810.0,33550.0,0.0,192.0,259350.0,0.0,0.0,3.0,0.0,0.0,0.0,0.0,0.0,87.0,3.0,0.0,0.0,0.0,2.0,4.0,2.0,2.0,0.0,10.0,30.0,30.0
0.167,0.333,99.458,0.042,0.0,0.0,0.0,33574912.0,0.0,0.0,1024.0,1025.0,1025.0,8.0,7.990,7.890,632430592.0,135258112.0,3154800640.0,1.31308580864e+11,0.0,1.0,0.0,0.0,16386.0,0.0,4294963200.0,01-08 05:33:51,16779.0,33452.0,0.0,192.0,259350.0,0.0,0.0,3.0,0.0,0.0,0.0,0.0,0.0,87.0,3.0,0.0,0.0,0.0,2.0,4.0,2.0,2.0,0.0,10.0,31.0,34.0
0.042,0.209,99.708,0.0,0.0,0.042,0.0,33415168.0,0.0,0.0,1020.0,1020.0,1020.0,8.0,7.990,7.890,632430592.0,135258112.0,3154800640.0,1.31308580864e+11,0.0,1.0,0.0,0.0,16322.0,0.0,4294963200.0,01-08 05:33:52,16706.0,33327.0,0.0,192.0,259350.0,0.0,0.0,3.0,0.0,0.0,0.0,0.0,0.0,87.0,3.0,0.0,0.0,0.0,2.0,4.0,2.0,2.0,0.0,10.0,30.0,30.0
0.0,0.334,99.666,0.0,0.0,0.0,0.0,33378304.0,0.0,0.0,1018.0,1018.0,1018.0,8.0,7.990,7.890,632430592.0,135258112.0,3154800640.0,1.31308580864e+11,0.0,1.0,0.0,0.0,16298.0,0.0,4294963200.0,01-08 05:33:53,16677.0,33272.0,0.0,192.0,259350.0,0.0,0.0,3.0,0.0,0.0,0.0,0.0,0.0,87.0,3.0,0.0,0.0,0.0,2.0,4.0,2.0,2.0,0.0,10.0,31.0,31.0
0.084,0.125,99.791,0.0,0.0,0.0,0.0,33681408.0,0.0,0.0,1028.0,1028.0,1028.0,8.0,7.990,7.890,632430592.0,135258112.0,3154800640.0,1.31308580864e+11,0.0,1.0,0.0,0.0,16438.0,0.0,4294963200.0,01-08 05:33:54,16812.0,33539.0,0.0,192.0,259350.0,0.0,0.0,3.0,0.0,0.0,0.0,0.0,0.0,87.0,3.0,0.0,0.0,0.0,2.0,4.0,2.0,2.0,0.0,10.0,30.0,30.0
0.0,0.251,99.749,0.0,0.0,0.0,0.0,33796096.0,0.0,0.0,1031.0,1031.0,1031.0,8.0,7.990,7.890,632430592.0,135258112.0,3154800640.0,1.31308580864e+11,0.0,1.0,0.0,0.0,16490.0,0.0,4294963200.0,01-08 05:33:55,16868.0,33657.0,0.0,192.0,259350.0,0.0,0.0,3.0,0.0,0.0,0.0,0.0,0.0,87.0,3.0,0.0,0.0,0.0,2.0,4.0,2.0,2.0,0.0,10.0,31.0,31.0
0.125,0.375,99.500,0.0,0.0,0.0,0.0,33300480.0,0.0,0.0,1017.0,1017.0,1016.0,8.0,7.990,7.890,632430592.0,135258112.0,3154800640.0,1.31308580864e+11,0.0,1.0,0.0,0.0,16274.0,0.0,4294963200.0,01-08 05:33:56,16661.0,33218.0,0.0,192.0,259350.0,0.0,0.0,3.0,0.0,0.0,0.0,0.0,0.0,87.0,3.0,0.0,0.0,0.0,2.0,4.0,2.0,2.0,0.0,10.0,30.0,30.0
0.0,0.209,99.791,0.0,0.0,0.0,0.0,33316864.0,0.0,0.0,1016.0,1016.0,1017.0,8.0,7.990,7.890,632426496.0,135258112.0,3154804736.0,1.31308580864e+11,0.0,1.0,0.0,0.0,16268.0,0.0,4294963200.0,01-08 05:33:57,16652.0,33215.0,0.0,192.0,259350.0,0.0,0.0,3.0,0.0,0.0,0.0,0.0,0.0,87.0,3.0,0.0,0.0,0.0,2.0,4.0,2.0,2.0,0.0,10.0,31.0,30.0
0.083,0.250,99.625,0.042,0.0,0.0,0.0,33312768.0,0.0,0.0,1017.0,1017.0,1017.0,8.0,7.990,7.890,632426496.0,135258112.0,3154804736.0,1.31308580864e+11,0.0,1.0,0.0,0.0,16264.0,0.0,4294963200.0,01-08 05:33:58,16649.0,33213.0,0.0,192.0,259350.0,0.0,0.0,3.0,0.0,0.0,0.0,0.0,0.0,87.0,3.0,0.0,0.0,0.0,2.0,4.0,2.0,2.0,0.0,10.0,31.0,31.0
0.084,0.084,99.833,0.0,0.0,0.0,0.0,33591296.0,0.0,0.0,1025.0,1024.0,1024.0,8.0,7.990,7.890,632426496.0,135258112.0,3154804736.0,1.31308580864e+11,0.0,1.0,0.0,0.0,16396.0,0.0,4294963200.0,01-08 05:33:59,16767.0,33465.0,0.0,192.0,259350.0,0.0,0.0,3.0,0.0,0.0,0.0,0.0,0.0,87.0,3.0,0.0,0.0,0.0,2.0,4.0,2.0,2.0,0.0,10.0,30.0,32.0
0.0,0.167,99.833,0.0,0.0,0.0,0.0,33214464.0,0.0,0.0,1013.0,1014.0,1014.0,8.0,7.990,7.890,632426496.0,135258112.0,3154804736.0,1.31308580864e+11,0.0,1.0,0.0,0.0,16220.0,0.0,4294963200.0,01-08 05:34:00,16604.0,33121.0,0.0,192.0,259350.0,0.0,0.0,3.0,0.0,0.0,0.0,0.0,0.0,87.0,3.0,0.0,0.0,0.0,2.0,4.0,2.0,2.0,0.0,10.0,32.0,31.0
0.167,0.209,99.625,0.0,0.0,0.0,0.0,33009664.0,0.0,0.0,1008.0,1008.0,1007.0,8.0,7.990,7.890,632426496.0,135258112.0,3154804736.0,1.31308580864e+11,0.0,1.0,0.0,0.0,16118.0,0.0,4294963200.0,01-08 05:34:01,16501.0,32922.0,0.0,192.0,259350.0,0.0,0.0,3.0,0.0,0.0,0.0,0.0,0.0,87.0,3.0,0.0,0.0,0.0,2.0,4.0,2.0,2.0,0.0,10.0,30.0,30.0
0.084,0.167,99.666,0.042,0.0,0.042,0.0,33157120.0,0.0,0.0,1012.0,1011.0,1012.0,8.0,7.990,7.890,632426496.0,135258112.0,3154804736.0,1.31308580864e+11,0.0,1.0,0.0,0.0,16190.0,0.0,4294963200.0,01-08 05:34:02,16571.0,33064.0,0.0,192.0,259350.0,0.0,0.0,3.0,0.0,0.0,0.0,0.0,0.0,87.0,3.0,0.0,0.0,0.0,2.0,4.0,2.0,2.0,0.0,10.0,31.0,31.0
0.0,0.209,99.791,0.0,0.0,0.0,0.0,33218560.0,0.0,0.0,1013.0,1014.0,1014.0,8.0,7.990,7.890,632426496.0,135258112.0,3154804736.0,1.31308580864e+11,0.0,1.0,0.0,0.0,16218.0,0.0,4294963200.0,01-08 05:34:03,16591.0,33115.0,0.0,192.0,259350.0,0.0,0.0,3.0,0.0,0.0,0.0,0.0,0.0,87.0,3.0,0.0,0.0,0.0,2.0,4.0,2.0,2.0,0.0,10.0,30.0,32.0
0.042,0.167,99.791,0.0,0.0,0.0,0.0,33320960.0,0.0,0.0,1017.0,1017.0,1017.0,8.0,7.990,7.890,632426496.0,135258112.0,3154804736.0,1.31308580864e+11,0.0,1.0,0.0,0.0,16266.0,0.0,4294963200.0,01-08 05:34:04,16642.0,33203.0,0.0,192.0,259350.0,0.0,0.0,3.0,0.0,0.0,0.0,0.0,0.0,87.0,3.0,0.0,0.0,0.0,2.0,4.0,2.0,2.0,0.0,10.0,32.0,31.0
0.208,0.457,99.335,0.0,0.0,0.0,0.0,35074048.0,0.0,0.0,1020.0,1020.0,1020.0,8.0,7.990,7.890,632426496.0,135258112.0,3154804736.0,1.31308580864e+11,0.0,1.0,0.0,0.0,16332.0,0.0,4294963200.0,01-08 05:34:05,16843.0,33370.0,0.0,192.0,259350.0,0.0,0.0,3.0,0.0,0.0,0.0,0.0,0.0,87.0,3.0,0.0,0.0,0.0,2.0,4.0,2.0,2.0,0.0,10.0,303.0,286.0
0.125,0.209,99.666,0.0,0.0,0.0,0.0,33447936.0,0.0,0.0,1021.0,1020.0,1020.0,8.0,7.990,7.890,632426496.0,135258112.0,3154804736.0,1.31308580864e+11,0.0,1.0,0.0,0.0,16330.0,0.0,4294963200.0,01-08 05:34:06,17445.0,33341.0,0.0,192.0,259350.0,0.0,0.0,3.0,0.0,0.0,0.0,0.0,0.0,87.0,3.0,0.0,0.0,0.0,2.0,4.0,2.0,2.0,0.0,10.0,30.0,30.0
0.083,0.292,99.624,0.0,0.0,0.0,0.0,33243136.0,0.0,0.0,1014.0,1015.0,1014.0,8.0,7.990,7.890,632553472.0,135258112.0,3154804736.0,1.31308453888e+11,0.0,1.0,0.0,0.0,16227.0,0.0,4294963200.0,01-08 05:34:07,17228.0,33154.0,0.0,192.0,259350.0,0.0,0.0,3.0,0.0,0.0,0.0,0.0,0.0,87.0,3.0,0.0,0.0,0.0,2.0,4.0,2.0,2.0,0.0,10.0,38.0,32.0
0.042,0.084,99.875,0.0,0.0,0.0,0.0,33390592.0,0.0,0.0,1019.0,1019.0,1020.0,8.0,7.990,7.890,632680448.0,135258112.0,3154804736.0,1.31308326912e+11,0.0,1.0,0.0,0.0,16312.0,0.0,4294963200.0,01-08 05:34:08,16679.0,33296.0,0.0,192.0,259350.0,0.0,0.0,3.0,0.0,0.0,0.0,0.0,0.0,87.0,3.0,0.0,0.0,0.0,2.0,4.0,2.0,2.0,0.0,10.0,30.0,30.0
0.084,0.251,99.666,0.0,0.0,0.0,0.0,33349632.0,0.0,0.0,1017.0,1017.0,1017.0,8.0,7.990,7.890,632676352.0,135258112.0,3154808832.0,1.31308326912e+11,0.0,1.0,0.0,0.0,16262.0,0.0,4294963200.0,01-08 05:34:09,16633.0,33198.0,0.0,192.0,259350.0,0.0,0.0,3.0,0.0,0.0,0.0,0.0,0.0,87.0,3.0,0.0,0.0,0.0,2.0,4.0,2.0,2.0,0.0,10.0,32.0,31.0
0.125,0.209,99.666,0.0,0.0,0.0,0.0,33423360.0,0.0,0.0,1020.0,1020.0,1020.0,8.0,7.990,7.890,632676352.0,135258112.0,3154808832.0,1.31308326912e+11,0.0,1.0,0.0,0.0,16332.0,0.0,4294963200.0,01-08 05:34:10,16714.0,33354.0,0.0,192.0,259350.0,0.0,0.0,3.0,0.0,0.0,0.0,0.0,0.0,87.0,3.0,0.0,0.0,0.0,2.0,4.0,2.0,2.0,0.0,10.0,30.0,30.0
0.0,0.250,99.708,0.042,0.0,0.0,0.0,33431552.0,0.0,0.0,1020.0,1020.0,1020.0,8.0,7.990,7.890,632676352.0,135258112.0,3154808832.0,1.31308326912e+11,0.0,1.0,0.0,0.0,16314.0,0.0,4294963200.0,01-08 05:34:11,16692.0,33313.0,0.0,192.0,259350.0,0.0,0.0,3.0,0.0,0.0,0.0,0.0,0.0,87.0,3.0,0.0,0.0,0.0,2.0,4.0,2.0,2.0,0.0,10.0,31.0,32.0
0.125,0.209,99.666,0.0,0.0,0.0,0.0,33517568.0,0.0,0.0,1023.0,1023.0,1023.0,8.0,7.990,7.890,632676352.0,135258112.0,3154808832.0,1.31308326912e+11,0.0,1.0,0.0,0.0,16376.0,0.0,4294963200.0,01-08 05:34:12,16757.0,33435.0,0.0,192.0,259350.0,0.0,0.0,3.0,0.0,0.0,0.0,0.0,0.0,87.0,3.0,0.0,0.0,0.0,2.0,4.0,2.0,2.0,0.0,10.0,30.0,30.0
0.167,0.292,99.541,0.0,0.0,0.0,0.0,33751040.0,0.0,0.0,1030.0,1030.0,1030.0,8.0,7.990,7.890,632676352.0,135258112.0,3154808832.0,1.31308326912e+11,0.0,1.0,0.0,0.0,16480.0,0.0,4294963200.0,01-08 05:34:13,16871.0,33652.0,0.0,192.0,259350.0,0.0,0.0,3.0,0.0,0.0,0.0,0.0,0.0,87.0,3.0,0.0,0.0,0.0,2.0,4.0,2.0,2.0,0.0,10.0,31.0,31.0
0.083,0.292,99.624,0.0,0.0,0.0,0.0,33624064.0,0.0,0.0,1026.0,1026.0,1026.0,8.0,7.990,7.890,632676352.0,135258112.0,3154808832.0,1.31308326912e+11,0.0,1.0,0.0,0.0,16414.0,0.0,4294963200.0,01-08 05:34:14,16785.0,33495.0,0.0,192.0,259350.0,0.0,0.0,3.0,0.0,0.0,0.0,0.0,0.0,87.0,3.0,0.0,0.0,0.0,2.0,4.0,2.0,2.0,0.0,10.0,30.0,30.0
0.083,0.333,99.583,0.0,0.0,0.0,0.0,33325056.0,0.0,0.0,1017.0,1017.0,1017.0,8.0,7.990,7.890,632676352.0,135258112.0,3154808832.0,1.31308326912e+11,0.0,1.0,0.0,0.0,16270.0,0.0,4294963200.0,01-08 05:34:15,16663.0,33231.0,0.0,192.0,259350.0,0.0,0.0,3.0,0.0,0.0,0.0,0.0,0.0,87.0,3.0,0.0,0.0,0.0,2.0,4.0,2.0,2.0,0.0,10.0,30.0,38.0
0.292,0.208,99.500,0.0,0.0,0.0,0.0,33587200.0,0.0,0.0,1025.0,1025.0,1025.0,8.0,7.990,7.890,632676352.0,135258112.0,3154808832.0,1.31308326912e+11,0.0,1.0,0.0,0.0,16402.0,0.0,4294963200.0,01-08 05:34:16,16791.0,33497.0,0.0,192.0,259350.0,0.0,0.0,3.0,0.0,0.0,0.0,0.0,0.0,87.0,3.0,0.0,0.0,0.0,2.0,4.0,2.0,2.0,0.0,10.0,31.0,31.0
0.042,0.209,99.749,0.0,0.0,0.0,0.0,33107968.0,0.0,0.0,1010.0,1010.0,1010.0,8.0,7.990,7.890,632676352.0,135258112.0,3154808832.0,1.31308326912e+11,0.0,1.0,0.0,0.0,16164.0,0.0,4294963200.0,01-08 05:34:17,16541.0,33010.0,0.0,192.0,259350.0,0.0,0.0,3.0,0.0,0.0,0.0,0.0,0.0,87.0,3.0,0.0,0.0,0.0,2.0,4.0,2.0,2.0,0.0,10.0,30.0,30.0
0.042,0.499,99.459,0.0,0.0,0.0,0.0,33169408.0,0.0,0.0,1013.0,1013.0,1013.0,8.0,7.990,7.890,632676352.0,135258112.0,3154808832.0,1.31308326912e+11,0.0,1.0,0.0,0.0,16198.0,0.0,4294963200.0,01-08 05:34:18,16587.0,33075.0,0.0,192.0,259350.0,0.0,0.0,3.0,0.0,0.0,0.0,0.0,0.0,87.0,3.0,0.0,0.0,0.0,2.0,4.0,2.0,2.0,0.0,10.0,31.0,31.0
0.042,0.209,99.749,0.0,0.0,0.0,0.0,33292288.0,0.0,0.0,1015.0,1015.0,1015.0,8.0,7.990,7.890,632676352.0,135258112.0,3154808832.0,1.31308326912e+11,0.0,1.0,0.0,0.0,16248.0,0.0,4294963200.0,01-08 05:34:19,16626.0,33177.0,0.0,192.0,259350.0,0.0,0.0,3.0,0.0,0.0,0.0,0.0,0.0,87.0,3.0,0.0,0.0,0.0,2.0,4.0,2.0,2.0,0.0,10.0,30.0,40.0
0.042,0.458,99.459,0.042,0.0,0.0,0.0,33558528.0,0.0,0.0,1025.0,1024.0,1024.0,8.0,7.990,7.890,632676352.0,135258112.0,3154808832.0,1.31308326912e+11,0.0,1.0,0.0,0.0,16388.0,0.0,4294963200.0,01-08 05:34:20,16773.0,33452.0,0.0,192.0,259350.0,0.0,0.0,3.0,0.0,0.0,0.0,0.0,0.0,87.0,3.0,0.0,0.0,0.0,2.0,4.0,2.0,2.0,0.0,10.0,32.0,31.0
0.084,0.167,99.749,0.0,0.0,0.0,0.0,33333248.0,0.0,0.0,1017.0,1018.0,1018.0,8.0,7.990,7.890,632676352.0,135258112.0,3154808832.0,1.31308326912e+11,0.0,1.0,0.0,0.0,16276.0,0.0,4294963200.0,01-08 05:34:21,16653.0,33231.0,0.0,192.0,259350.0,0.0,0.0,3.0,0.0,0.0,0.0,0.0,0.0,87.0,3.0,0.0,0.0,0.0,2.0,4.0,2.0,2.0,0.0,10.0,30.0,30.0
0.083,0.250,99.625,0.0,0.0,0.042,0.0,33542144.0,0.0,0.0,1023.0,1023.0,1023.0,8.0,7.990,7.890,632672256.0,135258112.0,3154812928.0,1.31308326912e+11,0.0,1.0,0.0,0.0,16378.0,0.0,4294963200.0,01-08 05:34:22,16766.0,33440.0,0.0,192.0,259350.0,0.0,0.0,3.0,0.0,0.0,0.0,0.0,0.0,87.0,3.0,0.0,0.0,0.0,2.0,4.0,2.0,2.0,0.0,10.0,33.0,31.0
0.084,0.125,99.791,0.0,0.0,0.0,0.0,33128448.0,0.0,0.0,1012.0,1011.0,1011.0,8.0,7.990,7.890,632672256.0,135258112.0,3154812928.0,1.31308326912e+11,0.0,1.0,0.0,0.0,16174.0,0.0,4294963200.0,01-08 05:34:23,16552.0,33028.0,0.0,192.0,259350.0,0.0,0.0,3.0,0.0,0.0,0.0,0.0,0.0,87.0,3.0,0.0,0.0,0.0,2.0,4.0,2.0,2.0,0.0,10.0,30.0,32.0
0.083,0.334,99.583,0.0,0.0,0.0,0.0,33648640.0,0.0,0.0,1026.0,1027.0,1027.0,8.0,7.990,7.890,632672256.0,135258112.0,3154812928.0,1.31308326912e+11,0.0,1.0,0.0,0.0,16426.0,0.0,4294963200.0,01-08 05:34:24,16805.0,33521.0,0.0,192.0,259350.0,0.0,0.0,3.0,0.0,0.0,0.0,0.0,0.0,87.0,3.0,0.0,0.0,0.0,2.0,4.0,2.0,2.0,0.0,10.0,30.0,30.0
0.208,0.540,99.211,0.042,0.0,0.0,0.0,33501184.0,0.0,0.0,1022.0,1022.0,1022.0,8.0,7.990,7.900,632672256.0,135258112.0,3154812928.0,1.31308326912e+11,0.0,1.0,0.0,0.0,16350.0,0.0,4294963200.0,01-08 05:34:25,16751.0,33385.0,0.0,192.0,259350.0,0.0,0.0,3.0,0.0,0.0,0.0,0.0,0.0,87.0,3.0,0.0,0.0,0.0,2.0,4.0,2.0,2.0,0.0,10.0,31.0,31.0
0.042,0.417,99.541,0.0,0.0,0.0,0.0,32911360.0,0.0,0.0,1005.0,1005.0,1004.0,8.0,7.990,7.900,632672256.0,135258112.0,3154812928.0,1.31308326912e+11,0.0,1.0,0.0,0.0,16078.0,0.0,4294963200.0,01-08 05:34:26,16463.0,32836.0,0.0,192.0,259350.0,0.0,0.0,3.0,0.0,0.0,0.0,0.0,0.0,87.0,3.0,0.0,0.0,0.0,2.0,4.0,2.0,2.0,0.0,10.0,30.0,30.0
0.125,0.209,99.666,0.0,0.0,0.0,0.0,33370112.0,0.0,0.0,1018.0,1018.0,1019.0,8.0,7.990,7.900,632672256.0,135258112.0,3154812928.0,1.31308326912e+11,0.0,1.0,0.0,0.0,16292.0,0.0,4294963200.0,01-08 05:34:27,16678.0,33275.0,0.0,192.0,259350.0,0.0,0.0,3.0,0.0,0.0,0.0,0.0,0.0,87.0,3.0,0.0,0.0,0.0,2.0,4.0,2.0,2.0,0.0,10.0,31.0,32.0
0.0,0.042,99.958,0.0,0.0,0.0,0.0,33468416.0,0.0,0.0,1021.0,1021.0,1021.0,8.0,7.990,7.900,632672256.0,135258112.0,3154812928.0,1.31308326912e+11,0.0,1.0,0.0,0.0,16336.0,0.0,4294963200.0,01-08 05:34:28,16711.0,33353.0,0.0,192.0,259350.0,0.0,0.0,3.0,0.0,0.0,0.0,0.0,0.0,87.0,3.0,0.0,0.0,0.0,2.0,4.0,2.0,2.0,0.0,10.0,30.0,30.0
0.167,0.292,99.500,0.042,0.0,0.0,0.0,33722368.0,0.0,0.0,1029.0,1029.0,1029.0,8.0,7.990,7.900,632672256.0,135258112.0,3154812928.0,1.31308326912e+11,0.0,1.0,0.0,0.0,16470.0,0.0,4294963200.0,01-08 05:34:29,16847.0,33602.0,0.0,192.0,259350.0,0.0,0.0,3.0,0.0,0.0,0.0,0.0,0.0,87.0,3.0,0.0,0.0,0.0,2.0,4.0,2.0,2.0,0.0,10.0,31.0,31.0
0.042,0.125,99.833,0.0,0.0,0.0,0.0,33173504.0,0.0,0.0,1013.0,1012.0,1012.0,8.0,7.990,7.900,632672256.0,135258112.0,3154812928.0,1.31308326912e+11,0.0,1.0,0.0,0.0,16196.0,0.0,4294963200.0,01-08 05:34:30,16575.0,33084.0,0.0,192.0,259350.0,0.0,0.0,3.0,0.0,0.0,0.0,0.0,0.0,87.0,3.0,0.0,0.0,0.0,2.0,4.0,2.0,2.0,0.0,10.0,30.0,30.0
0.084,0.167,99.749,0.0,0.0,0.0,0.0,33460224.0,0.0,0.0,1021.0,1021.0,1021.0,8.0,7.990,7.900,632672256.0,135258112.0,3154812928.0,1.31308326912e+11,0.0,1.0,0.0,0.0,16334.0,0.0,4294963200.0,01-08 05:34:31,16713.0,33357.0,0.0,192.0,259350.0,0.0,0.0,3.0,0.0,0.0,0.0,0.0,0.0,87.0,3.0,0.0,0.0,0.0,2.0,4.0,2.0,2.0,0.0,10.0,31.0,31.0
0.083,0.209,99.708,0.0,0.0,0.0,0.0,33501184.0,0.0,0.0,1022.0,1023.0,1023.0,8.0,7.990,7.900,632672256.0,135258112.0,3154812928.0,1.31308326912e+11,0.0,1.0,0.0,0.0,16360.0,0.0,4294963200.0,01-08 05:34:32,16734.0,33398.0,0.0,192.0,259350.0,0.0,0.0,3.0,0.0,0.0,0.0,0.0,0.0,87.0,3.0,0.0,0.0,0.0,2.0,4.0,2.0,2.0,0.0,10.0,30.0,30.0
0.0,0.209,99.791,0.0,0.0,0.0,0.0,33517568.0,0.0,0.0,1023.0,1023.0,1023.0,8.0,7.990,7.900,632672256.0,135258112.0,3154812928.0,1.31308326912e+11,0.0,1.0,0.0,0.0,16366.0,0.0,4294963200.0,01-08 05:34:33,16740.0,33412.0,0.0,192.0,259350.0,0.0,0.0,3.0,0.0,0.0,0.0,0.0,0.0,87.0,3.0,0.0,0.0,0.0,2.0,4.0,2.0,2.0,0.0,10.0,30.0,30.0
0.042,0.375,99.583,0.0,0.0,0.0,0.0,33521664.0,0.0,0.0,1023.0,1022.0,1022.0,8.0,7.990,7.900,632672256.0,135258112.0,3154812928.0,1.31308326912e+11,1.0,1.0,0.0,0.0,16364.0,0.0,4294963200.0,01-08 05:34:34,16737.0,33390.0,0.0,192.0,259350.0,0.0,0.0,3.0,0.0,0.0,0.0,0.0,0.0,87.0,3.0,0.0,0.0,0.0,2.0,4.0,2.0,2.0,0.0,10.0,31.0,31.0
0.0,0.209,99.791,0.0,0.0,0.0,0.0,33316864.0,0.0,0.0,1016.0,1017.0,1017.0,8.0,7.990,7.900,632668160.0,135258112.0,3154817024.0,1.31308326912e+11,1.0,0.0,0.0,0.0,16268.0,0.0,4294963200.0,01-08 05:34:35,16643.0,33221.0,0.0,192.0,259350.0,0.0,0.0,3.0,0.0,0.0,0.0,0.0,0.0,87.0,3.0,0.0,0.0,0.0,2.0,4.0,2.0,2.0,0.0,10.0,32.0,30.0
0.084,0.126,99.791,0.0,0.0,0.0,0.0,33308672.0,0.0,0.0,1017.0,1017.0,1017.0,8.0,7.990,7.900,632668160.0,135258112.0,3154817024.0,1.31308326912e+11,0.0,1.0,0.0,0.0,16262.0,0.0,4294963200.0,01-08 05:34:36,16633.0,33203.0,0.0,192.0,259350.0,0.0,0.0,3.0,0.0,0.0,0.0,0.0,0.0,87.0,3.0,0.0,0.0,0.0,2.0,4.0,2.0,2.0,0.0,10.0,31.0,31.0
0.125,0.375,99.500,0.0,0.0,0.0,0.0,32952320.0,0.0,0.0,1005.0,1005.0,1005.0,8.0,7.990,7.900,632668160.0,135258112.0,3154817024.0,1.31308326912e+11,1.0,0.0,0.0,0.0,16092.0,0.0,4294963200.0,01-08 05:34:37,16477.0,32872.0,0.0,192.0,259350.0,0.0,0.0,3.0,0.0,0.0,0.0,0.0,0.0,87.0,3.0,0.0,0.0,0.0,2.0,4.0,2.0,2.0,0.0,10.0,30.0,30.0
0.083,0.416,99.459,0.042,0.0,0.0,0.0,33423360.0,0.0,0.0,1020.0,1020.0,1020.0,8.0,7.990,7.900,632668160.0,135258112.0,3154817024.0,1.31308326912e+11,0.0,1.0,0.0,0.0,16318.0,0.0,4294963200.0,01-08 05:34:38,16698.0,33317.0,0.0,192.0,259350.0,0.0,0.0,3.0,0.0,0.0,0.0,0.0,0.0,87.0,3.0,0.0,0.0,0.0,2.0,4.0,2.0,2.0,0.0,10.0,31.0,31.0
0.208,0.540,99.252,0.0,0.0,0.0,0.0,33501184.0,0.0,0.0,1022.0,1022.0,1022.0,8.0,7.990,7.900,632668160.0,135258112.0,3154817024.0,1.31308326912e+11,0.0,1.0,0.0,0.0,16354.0,0.0,4294963200.0,01-08 05:34:39,16744.0,33384.0,0.0,192.0,259350.0,0.0,0.0,3.0,0.0,0.0,0.0,0.0,0.0,87.0,3.0,0.0,0.0,0.0,2.0,4.0,2.0,2.0,0.0,10.0,30.0,31.0
0.042,0.084,99.874,0.0,0.0,0.0,0.0,35237888.0,0.0,0.0,1026.0,1026.0,1026.0,8.0,7.990,7.900,632721408.0,135258112.0,3154817024.0,1.31308273664e+11,0.0,1.0,0.0,0.0,16430.0,0.0,4294963200.0,01-08 05:34:40,16836.0,33557.0,0.0,192.0,259350.0,0.0,0.0,3.0,0.0,0.0,0.0,0.0,0.0,87.0,3.0,0.0,0.0,0.0,2.0,4.0,2.0,2.0,0.0,10.0,310.0,287.0
0.042,0.209,99.749,0.0,0.0,0.0,0.0,33259520.0,0.0,0.0,1015.0,1015.0,1015.0,8.0,7.990,7.900,633176064.0,135258112.0,3154817024.0,1.31307819008e+11,0.0,1.0,0.0,0.0,16240.0,0.0,4294963200.0,01-08 05:34:41,16612.0,33160.0,0.0,192.0,259350.0,0.0,0.0,3.0,0.0,0.0,0.0,0.0,0.0,87.0,3.0,0.0,0.0,0.0,2.0,4.0,2.0,2.0,0.0,10.0,30.0,30.0
0.084,0.167,99.666,0.042,0.0,0.042,0.0,33579008.0,0.0,0.0,1024.0,1024.0,1024.0,8.0,7.990,7.900,633049088.0,135258112.0,3154817024.0,1.31307945984e+11,0.0,1.0,0.0,0.0,16381.0,0.0,4294963200.0,01-08 05:34:42,16771.0,33452.0,0.0,192.0,259350.0,0.0,0.0,3.0,0.0,0.0,0.0,0.0,0.0,87.0,3.0,0.0,0.0,0.0,2.0,4.0,2.0,2.0,0.0,10.0,45.0,39.0
0.042,0.375,99.542,0.042,0.0,0.0,0.0,33546240.0,0.0,0.0,1024.0,1024.0,1024.0,8.0,7.990,7.900,633049088.0,135258112.0,3154817024.0,1.31307945984e+11,0.0,1.0,0.0,0.0,16380.0,0.0,4294963200.0,01-08 05:34:43,16760.0,33435.0,0.0,192.0,259350.0,0.0,0.0,3.0,0.0,0.0,0.0,0.0,0.0,87.0,3.0,0.0,0.0,0.0,2.0,4.0,2.0,2.0,0.0,10.0,30.0,30.0
0.042,0.417,99.583,-0.042,0.0,0.0,0.0,33288192.0,0.0,0.0,1015.0,1015.0,1015.0,8.0,7.990,7.900,633049088.0,135258112.0,3154817024.0,1.31307945984e+11,0.0,1.0,0.0,0.0,16246.0,0.0,4294963200.0,01-08 05:34:44,16622.0,33161.0,0.0,192.0,259350.0,0.0,0.0,3.0,0.0,0.0,0.0,0.0,0.0,87.0,3.0,0.0,0.0,0.0,2.0,4.0,2.0,2.0,0.0,10.0,30.0,30.0
0.084,0.209,99.708,0.0,0.0,0.0,0.0,33153024.0,0.0,0.0,1012.0,1012.0,1012.0,8.0,7.990,7.900,633049088.0,135258112.0,3154817024.0,1.31307945984e+11,0.0,1.0,0.0,0.0,16188.0,0.0,4294963200.0,01-08 05:34:45,16566.0,33062.0,0.0,192.0,259350.0,0.0,0.0,3.0,0.0,0.0,0.0,0.0,0.0,87.0,3.0,0.0,0.0,0.0,2.0,4.0,2.0,2.0,0.0,10.0,31.0,31.0
0.125,0.292,99.541,0.042,0.0,0.0,0.0,33415168.0,0.0,0.0,1020.0,1020.0,1020.0,8.0,7.990,7.900,633049088.0,135258112.0,3154817024.0,1.31307945984e+11,0.0,1.0,0.0,0.0,16318.0,0.0,4294963200.0,01-08 05:34:46,16697.0,33320.0,0.0,192.0,259350.0,0.0,0.0,3.0,0.0,0.0,0.0,0.0,0.0,87.0,3.0,0.0,0.0,0.0,2.0,4.0,2.0,2.0,0.0,10.0,30.0,30.0
0.083,0.333,99.542,0.042,0.0,0.0,0.0,33513472.0,0.0,0.0,1023.0,1023.0,1023.0,8.0,7.990,7.900,633044992.0,135258112.0,3154821120.0,1.31307945984e+11,0.0,1.0,0.0,0.0,16364.0,0.0,4294963200.0,01-08 05:34:47,16754.0,33413.0,0.0,192.0,259350.0,0.0,0.0,3.0,0.0,0.0,0.0,0.0,0.0,87.0,3.0,0.0,0.0,0.0,2.0,4.0,2.0,2.0,0.0,10.0,32.0,43.0
0.0,0.125,99.875,0.0,0.0,0.0,0.0,32899072.0,0.0,0.0,1004.0,1004.0,1003.0,8.0,7.990,7.900,633044992.0,135258112.0,3154821120.0,1.31307945984e+11,0.0,1.0,0.0,0.0,16064.0,0.0,4294963200.0,01-08 05:34:48,16427.0,32800.0,0.0,192.0,259350.0,0.0,0.0,3.0,0.0,0.0,0.0,0.0,0.0,87.0,3.0,0.0,0.0,0.0,2.0,4.0,2.0,2.0,0.0,10.0,30.0,30.0
0.042,0.292,99.666,0.0,0.0,0.0,0.0,33624064.0,0.0,0.0,1025.0,1025.0,1026.0,8.0,7.990,7.900,633044992.0,135258112.0,3154821120.0,1.31307945984e+11,0.0,1.0,0.0,0.0,16410.0,0.0,4294963200.0,01-08 05:34:49,17093.0,33492.0,0.0,192.0,259350.0,0.0,0.0,3.0,0.0,0.0,0.0,0.0,0.0,87.0,3.0,0.0,0.0,0.0,2.0,4.0,2.0,2.0,0.0,10.0,31.0,31.0
0.167,0.250,99.583,0.0,0.0,0.0,0.0,33341440.0,0.0,0.0,1018.0,1018.0,1018.0,8.0,7.990,7.900,633044992.0,135258112.0,3154821120.0,1.31307945984e+11,0.0,1.0,0.0,0.0,16282.0,0.0,4294963200.0,01-08 05:34:50,17486.0,33245.0,0.0,192.0,259350.0,0.0,0.0,3.0,0.0,0.0,0.0,0.0,0.0,87.0,3.0,0.0,0.0,0.0,2.0,4.0,2.0,2.0,0.0,10.0,30.0,30.0
0.084,0.167,99.749,0.0,0.0,0.0,0.0,33316864.0,0.0,0.0,1017.0,1017.0,1016.0,8.0,7.990,7.900,633044992.0,135258112.0,3154821120.0,1.31307945984e+11,0.0,1.0,0.0,0.0,16268.0,0.0,4294963200.0,01-08 05:34:51,16640.0,33214.0,0.0,192.0,259350.0,0.0,0.0,3.0,0.0,0.0,0.0,0.0,0.0,87.0,3.0,0.0,0.0,0.0,2.0,4.0,2.0,2.0,0.0,10.0,31.0,38.0
0.084,0.209,99.708,0.0,0.0,0.0,0.0,33157120.0,0.0,0.0,1012.0,1011.0,1012.0,8.0,7.990,7.900,633044992.0,135258112.0,3154821120.0,1.31307945984e+11,0.0,1.0,0.0,0.0,16190.0,0.0,4294963200.0,01-08 05:34:52,16570.0,33063.0,0.0,192.0,259350.0,0.0,0.0,3.0,0.0,0.0,0.0,0.0,0.0,87.0,3.0,0.0,0.0,0.0,2.0,4.0,2.0,2.0,0.0,10.0,30.0,30.0
0.042,0.209,99.749,0.0,0.0,0.0,0.0,33726464.0,0.0,0.0,1029.0,1030.0,1030.0,8.0,7.990,7.900,633044992.0,135258112.0,3154821120.0,1.31307945984e+11,0.0,1.0,0.0,0.0,16462.0,0.0,4294963200.0,01-08 05:34:53,16829.0,33586.0,0.0,192.0,259350.0,0.0,0.0,3.0,0.0,0.0,0.0,0.0,0.0,87.0,3.0,0.0,0.0,0.0,2.0,4.0,2.0,2.0,0.0,10.0,30.0,30.0
0.083,0.250,99.625,0.042,0.0,0.0,0.0,33492992.0,0.0,0.0,1022.0,1021.0,1021.0,8.0,7.990,7.900,633044992.0,135258112.0,3154821120.0,1.31307945984e+11,0.0,1.0,0.0,0.0,16348.0,0.0,4294963200.0,01-08 05:34:54,16723.0,33368.0,0.0,192.0,259350.0,0.0,0.0,3.0,0.0,0.0,0.0,0.0,0.0,87.0,3.0,0.0,0.0,0.0,2.0,4.0,2.0,2.0,0.0,10.0,31.0,31.0
0.125,0.125,99.749,0.0,0.0,0.0,0.0,33529856.0,0.0,0.0,1023.0,1024.0,1024.0,8.0,7.990,7.900,633044992.0,135258112.0,3154821120.0,1.31307945984e+11,0.0,1.0,0.0,0.0,16376.0,0.0,4294963200.0,01-08 05:34:55,16757.0,33443.0,0.0,192.0,259350.0,0.0,0.0,3.0,0.0,0.0,0.0,0.0,0.0,87.0,3.0,0.0,0.0,0.0,2.0,4.0,2.0,2.0,0.0,10.0,30.0,35.0
0.083,0.250,99.666,0.0,0.0,0.0,0.0,33431552.0,0.0,0.0,1020.0,1020.0,1020.0,8.0,7.990,7.900,633044992.0,135258112.0,3154821120.0,1.31307945984e+11,0.0,1.0,0.0,0.0,16326.0,0.0,4294963200.0,01-08 05:34:56,16696.0,33318.0,0.0,192.0,259350.0,0.0,0.0,3.0,0.0,0.0,0.0,0.0,0.0,87.0,3.0,0.0,0.0,0.0,2.0,4.0,2.0,2.0,0.0,10.0,32.0,31.0
0.0,0.209,99.791,0.0,0.0,0.0,0.0,33497088.0,0.0,0.0,1022.0,1022.0,1022.0,8.0,7.990,7.900,633044992.0,135258112.0,3154821120.0,1.31307945984e+11,0.0,1.0,0.0,0.0,16356.0,0.0,4294963200.0,01-08 05:34:57,16735.0,33390.0,0.0,192.0,259350.0,0.0,0.0,3.0,0.0,0.0,0.0,0.0,0.0,87.0,3.0,0.0,0.0,0.0,2.0,4.0,2.0,2.0,0.0,10.0,30.0,30.0
0.084,0.167,99.749,0.0,0.0,0.0,0.0,33153024.0,0.0,0.0,1012.0,1012.0,1012.0,8.0,7.990,7.900,633044992.0,135258112.0,3154821120.0,1.31307945984e+11,0.0,1.0,0.0,0.0,16188.0,0.0,4294963200.0,01-08 05:34:58,16563.0,33056.0,0.0,192.0,259350.0,0.0,0.0,3.0,0.0,0.0,0.0,0.0,0.0,87.0,3.0,0.0,0.0,0.0,2.0,4.0,2.0,2.0,0.0,10.0,31.0,31.0
0.042,0.209,99.749,0.0,0.0,0.0,0.0,33468416.0,0.0,0.0,1021.0,1021.0,1021.0,8.0,7.990,7.900,633044992.0,135258112.0,3154821120.0,1.31307945984e+11,0.0,1.0,0.0,0.0,16334.0,0.0,4294963200.0,01-08 05:34:59,16697.0,33327.0,0.0,192.0,259350.0,0.0,0.0,3.0,0.0,0.0,0.0,0.0,0.0,87.0,3.0,0.0,0.0,0.0,2.0,4.0,2.0,2.0,0.0,10.0,30.0,32.0
0.083,0.209,99.708,0.0,0.0,0.0,0.0,33214464.0,0.0,0.0,1014.0,1014.0,1013.0,8.0,7.990,7.900,633040896.0,135258112.0,3154825216.0,1.31307945984e+11,1.0,0.0,0.0,0.0,16220.0,0.0,4294963200.0,01-08 05:35:00,16600.0,33138.0,0.0,192.0,259350.0,0.0,0.0,3.0,0.0,0.0,0.0,0.0,0.0,87.0,3.0,0.0,0.0,0.0,2.0,4.0,2.0,2.0,0.0,10.0,33.0,31.0
0.0,0.125,99.833,0.042,0.0,0.0,0.0,33341440.0,0.0,0.0,1017.0,1017.0,1018.0,8.0,7.990,7.900,633040896.0,135258112.0,3154825216.0,1.31307945984e+11,0.0,1.0,0.0,0.0,16280.0,0.0,4294963200.0,01-08 05:35:01,16673.0,33249.0,0.0,192.0,259350.0,0.0,0.0,3.0,0.0,0.0,0.0,0.0,0.0,87.0,3.0,0.0,0.0,0.0,2.0,4.0,2.0,2.0,0.0,10.0,30.0,30.0
0.084,0.125,99.749,0.0,0.0,0.042,0.0,33378304.0,0.0,0.0,1019.0,1019.0,1019.0,8.0,7.990,7.900,633040896.0,135258112.0,3154825216.0,1.31307945984e+11,0.0,1.0,0.0,0.0,16296.0,0.0,4294963200.0,01-08 05:35:02,16683.0,33263.0,0.0,192.0,259350.0,0.0,0.0,3.0,0.0,0.0,0.0,0.0,0.0,87.0,3.0,0.0,0.0,0.0,2.0,4.0,2.0,2.0,0.0,10.0,30.0,30.0
0.042,0.292,99.666,0.0,0.0,0.0,0.0,33288192.0,0.0,0.0,1016.0,1016.0,1015.0,8.0,7.990,7.900,633040896.0,135258112.0,3154825216.0,1.31307945984e+11,0.0,1.0,0.0,0.0,16256.0,0.0,4294963200.0,01-08 05:35:03,16644.0,33218.0,0.0,192.0,259350.0,0.0,0.0,3.0,0.0,0.0,0.0,0.0,0.0,87.0,3.0,0.0,0.0,0.0,2.0,4.0,2.0,2.0,0.0,10.0,31.0,32.0
0.125,0.292,99.583,0.0,0.0,0.0,0.0,33439744.0,0.0,0.0,1020.0,1020.0,1021.0,8.0,7.990,7.900,633040896.0,135258112.0,3154825216.0,1.31307945984e+11,0.0,1.0,0.0,0.0,16322.0,0.0,4294963200.0,01-08 05:35:04,16707.0,33324.0,0.0,192.0,259350.0,0.0,0.0,3.0,0.0,0.0,0.0,0.0,0.0,87.0,3.0,0.0,0.0,0.0,2.0,4.0,2.0,2.0,0.0,10.0,30.0,30.0
0.083,0.292,99.625,0.0,0.0,0.0,0.0,32892928.0,0.0,0.0,1004.0,1003.0,1003.0,8.0,7.990,7.900,633040896.0,135258112.0,3154825216.0,1.31307945984e+11,0.0,1.0,0.0,0.0,16060.0,0.0,4294963200.0,01-08 05:35:05,16441.0,32804.0,0.0,192.0,259350.0,0.0,0.0,3.0,0.0,0.0,0.0,0.0,0.0,87.0,3.0,0.0,0.0,0.0,2.0,4.0,2.0,2.0,0.0,10.0,31.0,31.0
0.042,0.292,99.666,0.0,0.0,0.0,0.0,33570816.0,0.0,0.0,1024.0,1025.0,1025.0,8.0,7.990,7.900,633040896.0,135258112.0,3154825216.0,1.31307945984e+11,0.0,1.0,0.0,0.0,16384.0,0.0,4294963200.0,01-08 05:35:06,16762.0,33435.0,0.0,192.0,259350.0,0.0,0.0,3.0,0.0,0.0,0.0,0.0,0.0,87.0,3.0,0.0,0.0,0.0,2.0,4.0,2.0,2.0,0.0,10.0,30.0,30.0
0.125,0.209,99.625,0.042,0.0,0.0,0.0,33277952.0,0.0,0.0,1016.0,1016.0,1016.0,8.0,7.990,7.900,633040896.0,135258112.0,3154825216.0,1.31307945984e+11,0.0,1.0,0.0,0.0,16254.0,0.0,4294963200.0,01-08 05:35:07,16648.0,33211.0,0.0,192.0,259350.0,0.0,0.0,3.0,0.0,0.0,0.0,0.0,0.0,87.0,3.0,0.0,0.0,0.0,2.0,4.0,2.0,2.0,0.0,10.0,31.0,34.0
0.042,0.209,99.749,0.0,0.0,0.0,0.0,33636352.0,0.0,0.0,1026.0,1026.0,1026.0,8.0,7.990,7.900,633040896.0,135258112.0,3154825216.0,1.31307945984e+11,0.0,1.0,0.0,0.0,16428.0,0.0,4294963200.0,01-08 05:35:08,16804.0,33530.0,0.0,192.0,259350.0,0.0,0.0,3.0,0.0,0.0,0.0,0.0,0.0,87.0,3.0,0.0,0.0,0.0,2.0,4.0,2.0,2.0,0.0,10.0,30.0,30.0
0.084,0.167,99.749,0.0,0.0,0.0,0.0,33300480.0,0.0,0.0,1016.0,1016.0,1016.0,8.0,7.990,7.900,633040896.0,135258112.0,3154825216.0,1.31307945984e+11,0.0,1.0,0.0,0.0,16254.0,0.0,4294963200.0,01-08 05:35:09,16630.0,33185.0,0.0,192.0,259350.0,0.0,0.0,3.0,0.0,0.0,0.0,0.0,0.0,87.0,3.0,0.0,0.0,0.0,2.0,4.0,2.0,2.0,0.0,10.0,31.0,31.0
0.083,0.333,99.583,0.0,0.0,0.0,0.0,33013760.0,0.0,0.0,1008.0,1007.0,1007.0,8.0,7.990,7.900,633040896.0,135258112.0,3154825216.0,1.31307945984e+11,0.0,1.0,0.0,0.0,16120.0,0.0,4294963200.0,01-08 05:35:10,16505.0,32922.0,0.0,192.0,259350.0,0.0,0.0,3.0,0.0,0.0,0.0,0.0,0.0,87.0,3.0,0.0,0.0,0.0,2.0,4.0,2.0,2.0,0.0,10.0,30.0,30.0
0.0,0.125,99.875,0.0,0.0,0.0,0.0,33359872.0,0.0,0.0,1018.0,1018.0,1018.0,8.0,7.990,7.900,633040896.0,135258112.0,3154825216.0,1.31307945984e+11,0.0,1.0,0.0,0.0,16288.0,0.0,4294963200.0,01-08 05:35:11,16659.0,33255.0,0.0,192.0,259350.0,0.0,0.0,3.0,0.0,0.0,0.0,0.0,0.0,87.0,3.0,0.0,0.0,0.0,2.0,4.0,2.0,2.0,0.0,10.0,30.0,30.0
0.0,0.376,99.624,0.0,0.0,0.0,0.0,33282048.0,0.0,0.0,1015.0,1016.0,1016.0,8.0,7.990,7.900,633036800.0,135258112.0,3154829312.0,1.31307945984e+11,1.0,0.0,0.0,0.0,16252.0,0.0,4294963200.0,01-08 05:35:12,16636.0,33184.0,0.0,192.0,259350.0,0.0,0.0,3.0,0.0,0.0,0.0,0.0,0.0,87.0,3.0,0.0,0.0,0.0,2.0,4.0,2.0,2.0,0.0,10.0,32.0,31.0
0.0,0.125,99.875,0.0,0.0,0.0,0.0,33296384.0,0.0,0.0,1016.0,1016.0,1016.0,8.0,7.990,7.900,633036800.0,135258112.0,3154829312.0,1.31307945984e+11,0.0,1.0,0.0,0.0,16258.0,0.0,4294963200.0,01-08 05:35:13,16629.0,33202.0,0.0,192.0,259350.0,0.0,0.0,3.0,0.0,0.0,0.0,0.0,0.0,87.0,3.0,0.0,0.0,0.0,2.0,4.0,2.0,2.0,0.0,10.0,30.0,30.0
0.083,0.334,99.583,0.0,0.0,0.0,0.0,33665024.0,0.0,0.0,1027.0,1027.0,1027.0,8.0,7.990,7.900,633036800.0,135258112.0,3154829312.0,1.31307945984e+11,0.0,1.0,0.0,0.0,16432.0,0.0,4294963200.0,01-08 05:35:14,16809.0,33536.0,0.0,192.0,259350.0,0.0,0.0,3.0,0.0,0.0,0.0,0.0,0.0,87.0,3.0,0.0,0.0,0.0,2.0,4.0,2.0,2.0,0.0,10.0,31.0,31.0
0.042,0.292,99.666,0.0,0.0,0.0,0.0,34897920.0,0.0,0.0,1009.0,1009.0,1009.0,8.0,7.990,7.900,632983552.0,135258112.0,3154935808.0,1.31307892736e+11,0.0,1.0,0.0,0.0,16152.0,0.0,4294963200.0,01-08 05:35:15,16554.0,33012.0,0.0,192.0,259350.0,0.0,0.0,3.0,0.0,0.0,0.0,0.0,0.0,87.0,3.0,0.0,0.0,0.0,2.0,4.0,2.0,2.0,0.0,10.0,307.0,286.0
0.125,0.084,99.749,0.042,0.0,0.0,0.0,33185792.0,0.0,0.0,1013.0,1013.0,1013.0,8.0,7.990,7.900,632983552.0,135258112.0,3154935808.0,1.31307892736e+11,0.0,1.0,0.0,0.0,16200.0,0.0,4294963200.0,01-08 05:35:16,16571.0,33077.0,0.0,192.0,259350.0,0.0,0.0,3.0,0.0,0.0,0.0,0.0,0.0,87.0,3.0,0.0,0.0,0.0,2.0,4.0,2.0,2.0,0.0,10.0,31.0,31.0
0.125,0.292,99.583,0.0,0.0,0.0,0.0,33509376.0,0.0,0.0,1022.0,1022.0,1022.0,8.0,7.990,7.900,633163776.0,135258112.0,3154829312.0,1.31307819008e+11,0.0,1.0,0.0,0.0,16349.0,0.0,4294963200.0,01-08 05:35:17,16733.0,33389.0,0.0,192.0,259350.0,0.0,0.0,3.0,0.0,0.0,0.0,0.0,0.0,87.0,3.0,0.0,0.0,0.0,2.0,4.0,2.0,2.0,0.0,10.0,36.0,31.0
0.084,0.167,99.749,0.0,0.0,0.0,0.0,33492992.0,0.0,0.0,1022.0,1022.0,1022.0,8.0,7.990,7.900,633163776.0,135258112.0,3154829312.0,1.31307819008e+11,0.0,1.0,0.0,0.0,16368.0,0.0,4294963200.0,01-08 05:35:18,16746.0,33422.0,0.0,192.0,259350.0,0.0,0.0,3.0,0.0,0.0,0.0,0.0,0.0,87.0,3.0,0.0,0.0,0.0,2.0,4.0,2.0,2.0,0.0,10.0,31.0,31.0
0.0,0.209,99.791,0.0,0.0,0.0,0.0,33259520.0,0.0,0.0,1015.0,1015.0,1015.0,8.0,7.990,7.900,633163776.0,135258112.0,3154829312.0,1.31307819008e+11,0.0,1.0,0.0,0.0,16236.0,0.0,4294963200.0,01-08 05:35:19,16599.0,33135.0,0.0,192.0,259350.0,0.0,0.0,3.0,0.0,0.0,0.0,0.0,0.0,87.0,3.0,0.0,0.0,0.0,2.0,4.0,2.0,2.0,0.0,10.0,30.0,30.0
0.042,0.209,99.750,0.0,0.0,0.0,0.0,33316864.0,0.0,0.0,1017.0,1017.0,1017.0,8.0,7.990,7.900,633036800.0,135258112.0,3154829312.0,1.31307945984e+11,0.0,1.0,0.0,0.0,16268.0,0.0,4294963200.0,01-08 05:35:20,16641.0,33219.0,0.0,192.0,259350.0,0.0,0.0,3.0,0.0,0.0,0.0,0.0,0.0,87.0,3.0,0.0,0.0,0.0,2.0,4.0,2.0,2.0,0.0,10.0,31.0,33.0
0.0,0.167,99.833,0.0,0.0,0.0,0.0,33587200.0,0.0,0.0,1025.0,1025.0,1025.0,8.0,7.990,7.900,633036800.0,135258112.0,3154829312.0,1.31307945984e+11,0.0,1.0,0.0,0.0,16400.0,0.0,4294963200.0,01-08 05:35:21,16766.0,33478.0,0.0,192.0,259350.0,0.0,0.0,3.0,0.0,0.0,0.0,0.0,0.0,87.0,3.0,0.0,0.0,0.0,2.0,4.0,2.0,2.0,0.0,10.0,31.0,31.0
0.083,0.375,99.541,0.0,0.0,0.0,0.0,33419264.0,0.0,0.0,1020.0,1020.0,1019.0,8.0,7.990,7.900,633036800.0,135258112.0,3154829312.0,1.31307945984e+11,0.0,1.0,0.0,0.0,16316.0,0.0,4294963200.0,01-08 05:35:22,16698.0,33322.0,0.0,192.0,259350.0,0.0,0.0,3.0,0.0,0.0,0.0,0.0,0.0,87.0,3.0,0.0,0.0,0.0,2.0,4.0,2.0,2.0,0.0,10.0,30.0,30.0
0.125,0.167,99.666,0.042,0.0,0.0,0.0,33427456.0,0.0,0.0,1020.0,1020.0,1021.0,8.0,7.990,7.900,633036800.0,135258112.0,3154829312.0,1.31307945984e+11,0.0,1.0,0.0,0.0,16326.0,0.0,4294963200.0,01-08 05:35:23,16698.0,33331.0,0.0,192.0,259350.0,0.0,0.0,3.0,0.0,0.0,0.0,0.0,0.0,87.0,3.0,0.0,0.0,0.0,2.0,4.0,2.0,2.0,0.0,10.0,31.0,31.0
0.0,0.125,99.875,0.0,0.0,0.0,0.0,33214464.0,0.0,0.0,1013.0,1013.0,1013.0,8.0,7.990,7.900,633036800.0,135258112.0,3154829312.0,1.31307945984e+11,0.0,1.0,0.0,0.0,16210.0,0.0,4294963200.0,01-08 05:35:24,16577.0,33088.0,0.0,192.0,259350.0,0.0,0.0,3.0,0.0,0.0,0.0,0.0,0.0,87.0,3.0,0.0,0.0,0.0,2.0,4.0,2.0,2.0,0.0,10.0,30.0,40.0
0.167,0.458,99.376,0.0,0.0,0.0,0.0,33366016.0,0.0,0.0,1018.0,1018.0,1018.0,8.0,7.990,7.900,633032704.0,135258112.0,3154833408.0,1.31307945984e+11,0.0,1.0,0.0,0.0,16292.0,0.0,4294963200.0,01-08 05:35:25,16681.0,33270.0,0.0,192.0,259350.0,0.0,0.0,3.0,0.0,0.0,0.0,0.0,0.0,87.0,3.0,0.0,0.0,0.0,2.0,4.0,2.0,2.0,0.0,10.0,32.0,31.0
0.125,0.250,99.625,0.0,0.0,0.0,0.0,33325056.0,0.0,0.0,1017.0,1017.0,1017.0,8.0,7.990,7.900,633032704.0,135258112.0,3154833408.0,1.31307945984e+11,0.0,1.0,0.0,0.0,16272.0,0.0,4294963200.0,01-08 05:35:26,16646.0,33213.0,0.0,192.0,259350.0,0.0,0.0,3.0,0.0,0.0,0.0,0.0,0.0,87.0,3.0,0.0,0.0,0.0,2.0,4.0,2.0,2.0,0.0,10.0,31.0,30.0
0.042,0.125,99.833,0.0,0.0,0.0,0.0,33554432.0,0.0,0.0,1024.0,1024.0,1024.0,8.0,7.990,7.900,633032704.0,135258112.0,3154833408.0,1.31307945984e+11,0.0,1.0,0.0,0.0,16386.0,0.0,4294963200.0,01-08 05:35:27,16760.0,33457.0,0.0,192.0,259350.0,0.0,0.0,3.0,0.0,0.0,0.0,0.0,0.0,87.0,3.0,0.0,0.0,0.0,2.0,4.0,2.0,2.0,0.0,10.0,31.0,31.0
0.125,0.125,99.749,0.0,0.0,0.0,0.0,33562624.0,0.0,0.0,1025.0,1024.0,1024.0,8.0,7.990,7.900,633032704.0,135258112.0,3154833408.0,1.31307945984e+11,0.0,1.0,0.0,0.0,16386.0,0.0,4294963200.0,01-08 05:35:28,16765.0,33452.0,0.0,192.0,259350.0,0.0,0.0,3.0,0.0,0.0,0.0,0.0,0.0,87.0,3.0,0.0,0.0,0.0,2.0,4.0,2.0,2.0,0.0,10.0,30.0,34.0
0.167,0.292,99.541,0.0,0.0,0.0,0.0,33210368.0,0.0,0.0,1013.0,1014.0,1013.0,8.0,7.990,7.900,633032704.0,135258112.0,3154833408.0,1.31307945984e+11,2.0,0.0,0.0,0.0,16210.0,0.0,4294963200.0,01-08 05:35:29,16588.0,33089.0,0.0,192.0,259350.0,0.0,0.0,3.0,0.0,0.0,0.0,0.0,0.0,87.0,3.0,0.0,0.0,0.0,2.0,4.0,2.0,2.0,0.0,10.0,30.0,30.0
0.0,0.375,99.583,0.042,0.0,0.0,0.0,33517568.0,0.0,0.0,1023.0,1022.0,1023.0,8.0,7.990,7.900,633032704.0,135258112.0,3154833408.0,1.31307945984e+11,0.0,1.0,0.0,0.0,16366.0,0.0,4294963200.0,01-08 05:35:30,16754.0,33419.0,0.0,192.0,259350.0,0.0,0.0,3.0,0.0,0.0,0.0,0.0,0.0,87.0,3.0,0.0,0.0,0.0,2.0,4.0,2.0,2.0,0.0,10.0,31.0,31.0
0.125,0.292,99.583,0.0,0.0,0.0,0.0,33234944.0,0.0,0.0,1014.0,1015.0,1015.0,8.0,7.990,7.900,633032704.0,135258112.0,3154833408.0,1.31307945984e+11,0.0,1.0,0.0,0.0,16218.0,0.0,4294963200.0,01-08 05:35:31,16604.0,33109.0,0.0,192.0,259350.0,0.0,0.0,3.0,0.0,0.0,0.0,0.0,0.0,87.0,3.0,0.0,0.0,0.0,2.0,4.0,2.0,2.0,0.0,10.0,30.0,30.0
0.125,0.458,99.417,0.0,0.0,0.0,0.0,33292288.0,0.0,0.0,1016.0,1016.0,1016.0,8.0,7.990,7.900,633032704.0,135258112.0,3154833408.0,1.31307945984e+11,1.0,0.0,0.0,0.0,16266.0,0.0,4294963200.0,01-08 05:35:32,17532.0,33205.0,0.0,192.0,259350.0,0.0,0.0,3.0,0.0,0.0,0.0,0.0,0.0,87.0,3.0,0.0,0.0,0.0,2.0,4.0,2.0,2.0,0.0,10.0,31.0,39.0
0.167,0.292,99.542,0.0,0.0,0.0,0.0,33140736.0,0.0,0.0,1011.0,1011.0,1011.0,8.0,7.990,7.900,633032704.0,135258112.0,3154833408.0,1.31307945984e+11,0.0,1.0,0.0,0.0,16182.0,0.0,4294963200.0,01-08 05:35:33,17353.0,33057.0,0.0,192.0,259350.0,0.0,0.0,3.0,0.0,0.0,0.0,0.0,0.0,87.0,3.0,0.0,0.0,0.0,2.0,4.0,2.0,2.0,0.0,10.0,30.0,30.0
0.084,0.167,99.749,0.0,0.0,0.0,0.0,34316288.0,0.0,0.0,1047.0,1047.0,1047.0,8.0,7.990,7.900,633032704.0,135258112.0,3154833408.0,1.31307945984e+11,0.0,1.0,0.0,0.0,16750.0,0.0,4294963200.0,01-08 05:35:34,17127.0,34173.0,0.0,192.0,259350.0,0.0,0.0,3.0,0.0,0.0,0.0,0.0,0.0,87.0,3.0,0.0,0.0,0.0,2.0,4.0,2.0,2.0,0.0,10.0,31.0,31.0
0.167,0.250,99.583,0.0,0.0,0.0,0.0,33583104.0,0.0,0.0,1025.0,1025.0,1025.0,8.0,7.990,7.900,633032704.0,135258112.0,3154833408.0,1.31307945984e+11,0.0,1.0,0.0,0.0,16398.0,0.0,4294963200.0,01-08 05:35:35,16776.0,33481.0,0.0,192.0,259350.0,0.0,0.0,3.0,0.0,0.0,0.0,0.0,0.0,87.0,3.0,0.0,0.0,0.0,2.0,4.0,2.0,2.0,0.0,10.0,30.0,30.0
0.0,0.334,99.666,0.0,0.0,0.0,0.0,33079296.0,0.0,0.0,1009.0,1009.0,1009.0,8.0,7.990,7.900,633032704.0,135258112.0,3154833408.0,1.31307945984e+11,1.0,1.0,0.0,0.0,16152.0,0.0,4294963200.0,01-08 05:35:36,16537.0,32991.0,0.0,192.0,259350.0,0.0,0.0,3.0,0.0,0.0,0.0,0.0,0.0,87.0,3.0,0.0,0.0,0.0,2.0,4.0,2.0,2.0,0.0,10.0,31.0,34.0
0.083,0.333,99.541,0.042,0.0,0.0,0.0,33533952.0,0.0,0.0,1024.0,1024.0,1024.0,8.0,7.990,7.900,633032704.0,135258112.0,3154833408.0,1.31307945984e+11,0.0,1.0,0.0,0.0,16360.0,0.0,4294963200.0,01-08 05:35:37,16742.0,33380.0,0.0,192.0,259350.0,0.0,0.0,3.0,0.0,0.0,0.0,0.0,0.0,87.0,3.0,0.0,0.0,0.0,2.0,4.0,2.0,2.0,0.0,10.0,30.0,30.0
0.042,0.125,99.833,0.0,0.0,0.0,0.0,33304576.0,0.0,0.0,1016.0,1016.0,1016.0,8.0,7.990,7.900,633028608.0,135258112.0,3154837504.0,1.31307945984e+11,2.0,0.0,0.0,0.0,16276.0,0.0,4294963200.0,01-08 05:35:38,16656.0,33246.0,0.0,192.0,259350.0,0.0,0.0,3.0,0.0,0.0,0.0,0.0,0.0,87.0,3.0,0.0,0.0,0.0,2.0,4.0,2.0,2.0,0.0,10.0,32.0,31.0
0.208,0.416,99.376,0.0,0.0,0.0,0.0,33472512.0,0.0,0.0,1021.0,1021.0,1021.0,8.0,7.990,7.900,633028608.0,135258112.0,3154837504.0,1.31307945984e+11,0.0,1.0,0.0,0.0,16338.0,0.0,4294963200.0,01-08 05:35:39,16723.0,33343.0,0.0,192.0,259350.0,0.0,0.0,3.0,0.0,0.0,0.0,0.0,0.0,87.0,3.0,0.0,0.0,0.0,2.0,4.0,2.0,2.0,0.0,10.0,30.0,30.0
0.042,0.125,99.833,0.0,0.0,0.0,0.0,33337344.0,0.0,0.0,1018.0,1018.0,1017.0,8.0,7.990,7.900,633028608.0,135258112.0,3154837504.0,1.31307945984e+11,0.0,1.0,0.0,0.0,16278.0,0.0,4294963200.0,01-08 05:35:40,16647.0,33235.0,0.0,192.0,259350.0,0.0,0.0,3.0,0.0,0.0,0.0,0.0,0.0,87.0,3.0,0.0,0.0,0.0,2.0,4.0,2.0,2.0,0.0,10.0,31.0,32.0
0.042,0.292,99.666,0.0,0.0,0.0,0.0,33452032.0,0.0,0.0,1021.0,1020.0,1021.0,8.0,7.990,7.900,633028608.0,135258112.0,3154837504.0,1.31307945984e+11,0.0,1.0,0.0,0.0,16333.0,0.0,4294963200.0,01-08 05:35:41,16709.0,33343.0,0.0,192.0,259350.0,0.0,0.0,3.0,0.0,0.0,0.0,0.0,0.0,87.0,3.0,0.0,0.0,0.0,2.0,4.0,2.0,2.0,0.0,10.0,31.0,31.0
0.0,0.126,99.874,0.0,0.0,0.0,0.0,33595392.0,0.0,0.0,1025.0,1026.0,1026.0,8.0,7.990,7.900,633028608.0,135258112.0,3154837504.0,1.31307945984e+11,0.0,1.0,0.0,0.0,16403.0,0.0,4294963200.0,01-08 05:35:42,16781.0,33490.0,0.0,192.0,259350.0,0.0,0.0,3.0,0.0,0.0,0.0,0.0,0.0,87.0,3.0,0.0,0.0,0.0,2.0,4.0,2.0,2.0,0.0,10.0,30.0,30.0
0.0,0.292,99.708,0.0,0.0,0.0,0.0,33767424.0,0.0,0.0,1030.0,1030.0,1030.0,8.0,7.990,7.900,633028608.0,135258112.0,3154837504.0,1.31307945984e+11,0.0,1.0,0.0,0.0,16490.0,0.0,4294963200.0,01-08 05:35:43,16867.0,33657.0,0.0,192.0,259350.0,0.0,0.0,3.0,0.0,0.0,0.0,0.0,0.0,87.0,3.0,0.0,0.0,0.0,2.0,4.0,2.0,2.0,0.0,10.0,31.0,31.0
0.125,0.416,99.459,0.0,0.0,0.0,0.0,33288192.0,0.0,0.0,1016.0,1016.0,1016.0,8.0,7.990,7.900,633028608.0,135258112.0,3154837504.0,1.31307945984e+11,0.0,1.0,0.0,0.0,16232.0,0.0,4294963200.0,01-08 05:35:44,16613.0,33120.0,0.0,192.0,259350.0,0.0,0.0,3.0,0.0,0.0,0.0,0.0,0.0,87.0,3.0,0.0,0.0,0.0,2.0,4.0,2.0,2.0,0.0,10.0,30.0,30.0
0.083,0.333,99.542,0.042,0.0,0.0,0.0,33603584.0,0.0,0.0,1025.0,1025.0,1025.0,8.0,7.990,7.900,633028608.0,135258112.0,3154837504.0,1.31307945984e+11,0.0,1.0,0.0,0.0,16424.0,0.0,4294963200.0,01-08 05:35:45,16819.0,33557.0,0.0,192.0,259350.0,0.0,0.0,3.0,0.0,0.0,0.0,0.0,0.0,87.0,3.0,0.0,0.0,0.0,2.0,4.0,2.0,2.0,0.0,10.0,31.0,31.0
0.084,0.209,99.708,0.0,0.0,0.0,0.0,33546240.0,0.0,0.0,1024.0,1024.0,1024.0,8.0,7.990,7.900,633028608.0,135258112.0,3154837504.0,1.31307945984e+11,0.0,1.0,0.0,0.0,16380.0,0.0,4294963200.0,01-08 05:35:46,16756.0,33429.0,0.0,192.0,259350.0,0.0,0.0,3.0,0.0,0.0,0.0,0.0,0.0,87.0,3.0,0.0,0.0,0.0,2.0,4.0,2.0,2.0,0.0,10.0,30.0,30.0
0.0,0.334,99.666,0.0,0.0,0.0,0.0,33705984.0,0.0,0.0,1029.0,1029.0,1028.0,8.0,7.990,7.900,633028608.0,135258112.0,3154837504.0,1.31307945984e+11,0.0,1.0,0.0,0.0,16452.0,0.0,4294963200.0,01-08 05:35:47,16833.0,33577.0,0.0,192.0,259350.0,0.0,0.0,3.0,0.0,0.0,0.0,0.0,0.0,87.0,3.0,0.0,0.0,0.0,2.0,4.0,2.0,2.0,0.0,10.0,31.0,31.0
0.083,0.209,99.708,0.0,0.0,0.0,0.0,33538048.0,0.0,0.0,1023.0,1023.0,1024.0,8.0,7.990,7.900,633028608.0,135258112.0,3154837504.0,1.31307945984e+11,0.0,1.0,0.0,0.0,16382.0,0.0,4294963200.0,01-08 05:35:48,16769.0,33455.0,0.0,192.0,259350.0,0.0,0.0,3.0,0.0,0.0,0.0,0.0,0.0,87.0,3.0,0.0,0.0,0.0,2.0,4.0,2.0,2.0,0.0,10.0,30.0,30.0
0.125,0.416,99.459,0.0,0.0,0.0,0.0,33333248.0,0.0,0.0,1017.0,1017.0,1017.0,8.0,7.990,7.900,633028608.0,135258112.0,3154837504.0,1.31307945984e+11,0.0,1.0,0.0,0.0,16270.0,0.0,4294963200.0,01-08 05:35:49,16653.0,33220.0,0.0,192.0,259350.0,0.0,0.0,3.0,0.0,0.0,0.0,0.0,0.0,87.0,3.0,0.0,0.0,0.0,2.0,4.0,2.0,2.0,0.0,10.0,30.0,30.0
0.125,0.250,99.583,0.042,0.0,0.0,0.0,35217408.0,0.0,0.0,1025.0,1025.0,1025.0,8.0,7.990,7.900,632623104.0,135258112.0,3154841600.0,1.31308347392e+11,0.0,1.0,0.0,0.0,16418.0,0.0,4294963200.0,01-08 05:35:50,16823.0,33539.0,0.0,192.0,259350.0,0.0,0.0,3.0,0.0,0.0,0.0,0.0,0.0,87.0,3.0,0.0,0.0,0.0,2.0,4.0,2.0,2.0,0.0,10.0,306.0,287.0
0.042,0.209,99.749,0.0,0.0,0.0,0.0,33861632.0,0.0,0.0,1034.0,1034.0,1034.0,8.0,7.990,7.900,633024512.0,135258112.0,3154841600.0,1.31307945984e+11,1.0,0.0,0.0,0.0,16528.0,0.0,4294963200.0,01-08 05:35:51,16888.0,33721.0,0.0,192.0,259350.0,0.0,0.0,3.0,0.0,0.0,0.0,0.0,0.0,87.0,3.0,0.0,0.0,0.0,2.0,4.0,2.0,2.0,0.0,10.0,30.0,30.0
0.0,0.125,99.875,0.0,0.0,0.0,0.0,33513472.0,0.0,0.0,1023.0,1022.0,1022.0,8.0,7.990,7.900,633024512.0,135258112.0,3154841600.0,1.31307945984e+11,0.0,1.0,0.0,0.0,16371.0,0.0,4294963200.0,01-08 05:35:52,16758.0,33438.0,0.0,192.0,259350.0,0.0,0.0,3.0,0.0,0.0,0.0,0.0,0.0,87.0,3.0,0.0,0.0,0.0,2.0,4.0,2.0,2.0,0.0,10.0,37.0,32.0
0.0,0.125,99.875,0.0,0.0,0.0,0.0,33030144.0,0.0,0.0,1007.0,1008.0,1008.0,8.0,7.990,7.900,633024512.0,135258112.0,3154841600.0,1.31307945984e+11,0.0,1.0,0.0,0.0,16126.0,0.0,4294963200.0,01-08 05:35:53,16489.0,32917.0,0.0,192.0,259350.0,0.0,0.0,3.0,0.0,0.0,0.0,0.0,0.0,87.0,3.0,0.0,0.0,0.0,2.0,4.0,2.0,2.0,0.0,10.0,30.0,30.0
0.0,0.458,99.542,0.0,0.0,0.0,0.0,33361920.0,0.0,0.0,1018.0,1018.0,1018.0,8.0,7.990,7.900,633024512.0,135258112.0,3154841600.0,1.31307945984e+11,0.0,1.0,0.0,0.0,16284.0,0.0,4294963200.0,01-08 05:35:54,16656.0,33222.0,0.0,192.0,259350.0,0.0,0.0,3.0,0.0,0.0,0.0,0.0,0.0,87.0,3.0,0.0,0.0,0.0,2.0,4.0,2.0,2.0,0.0,10.0,31.0,31.0
0.167,0.375,99.459,0.0,0.0,0.0,0.0,33439744.0,0.0,0.0,1021.0,1021.0,1020.0,8.0,7.990,7.900,633024512.0,135258112.0,3154841600.0,1.31307945984e+11,0.0,1.0,0.0,0.0,16328.0,0.0,4294963200.0,01-08 05:35:55,16709.0,33325.0,0.0,192.0,259350.0,0.0,0.0,3.0,0.0,0.0,0.0,0.0,0.0,87.0,3.0,0.0,0.0,0.0,2.0,4.0,2.0,2.0,0.0,10.0,30.0,30.0
0.0,0.209,99.749,0.042,0.0,0.0,0.0,33005568.0,0.0,0.0,1007.0,1007.0,1008.0,8.0,7.990,7.900,633024512.0,135258112.0,3154841600.0,1.31307945984e+11,0.0,1.0,0.0,0.0,16116.0,0.0,4294963200.0,01-08 05:35:56,16489.0,32897.0,0.0,192.0,259350.0,0.0,0.0,3.0,0.0,0.0,0.0,0.0,0.0,87.0,3.0,0.0,0.0,0.0,2.0,4.0,2.0,2.0,0.0,10.0,32.0,42.0
0.208,0.292,99.500,0.0,0.0,0.0,0.0,33472512.0,0.0,0.0,1021.0,1021.0,1021.0,8.0,7.990,7.900,632991744.0,135258112.0,3154841600.0,1.31307978752e+11,0.0,1.0,0.0,0.0,16346.0,0.0,4294963200.0,01-08 05:35:57,16723.0,33364.0,0.0,192.0,259350.0,0.0,0.0,3.0,0.0,0.0,0.0,0.0,0.0,87.0,3.0,0.0,0.0,0.0,2.0,4.0,2.0,2.0,0.0,10.0,30.0,30.0
0.0,0.209,99.791,0.0,0.0,0.0,0.0,33406976.0,0.0,0.0,1020.0,1020.0,1020.0,8.0,7.990,7.900,632983552.0,135258112.0,3154841600.0,1.31307986944e+11,0.0,1.0,0.0,0.0,16310.0,0.0,4294963200.0,01-08 05:35:58,16694.0,33304.0,0.0,192.0,259350.0,0.0,0.0,3.0,0.0,0.0,0.0,0.0,0.0,87.0,3.0,0.0,0.0,0.0,2.0,4.0,2.0,2.0,0.0,10.0,30.0,40.0
0.084,0.084,99.833,0.0,0.0,0.0,0.0,33140736.0,0.0,0.0,1011.0,1011.0,1011.0,8.0,7.990,7.900,632950784.0,135258112.0,3154841600.0,1.31308019712e+11,0.0,1.0,0.0,0.0,16174.0,0.0,4294963200.0,01-08 05:35:59,16546.0,33031.0,0.0,192.0,259350.0,0.0,0.0,3.0,0.0,0.0,0.0,0.0,0.0,87.0,3.0,0.0,0.0,0.0,2.0,4.0,2.0,2.0,0.0,10.0,31.0,31.0
0.125,0.209,99.666,0.0,0.0,0.0,0.0,33472512.0,0.0,0.0,1021.0,1021.0,1021.0,8.0,7.990,7.900,632950784.0,135258112.0,3154841600.0,1.31308019712e+11,0.0,1.0,0.0,0.0,16346.0,0.0,4294963200.0,01-08 05:36:00,16728.0,33375.0,0.0,192.0,259350.0,0.0,0.0,3.0,0.0,0.0,0.0,0.0,0.0,87.0,3.0,0.0,0.0,0.0,2.0,4.0,2.0,2.0,0.0,10.0,30.0,38.0
0.0,0.084,99.916,0.0,0.0,0.0,0.0,33144832.0,0.0,0.0,1012.0,1012.0,1012.0,8.0,7.990,7.900,632983552.0,135258112.0,3154841600.0,1.31307986944e+11,0.0,1.0,0.0,0.0,16184.0,0.0,4294963200.0,01-08 05:36:01,16557.0,33050.0,0.0,192.0,259350.0,0.0,0.0,3.0,0.0,0.0,0.0,0.0,0.0,87.0,3.0,0.0,0.0,0.0,2.0,4.0,2.0,2.0,0.0,10.0,39.0,31.0
0.042,0.167,99.791,0.0,0.0,0.0,0.0,33132544.0,0.0,0.0,1011.0,1011.0,1011.0,8.0,7.990,7.900,632983552.0,135258112.0,3154841600.0,1.31307986944e+11,0.0,1.0,0.0,0.0,16178.0,0.0,4294963200.0,01-08 05:36:02,16553.0,33040.0,0.0,192.0,259350.0,0.0,0.0,3.0,0.0,0.0,0.0,0.0,0.0,87.0,3.0,0.0,0.0,0.0,2.0,4.0,2.0,2.0,0.0,10.0,30.0,30.0
0.167,0.292,99.500,0.042,0.0,0.0,0.0,32854016.0,0.0,0.0,1003.0,1003.0,1002.0,8.0,7.990,7.900,632979456.0,135258112.0,3154845696.0,1.31307986944e+11,0.0,1.0,0.0,0.0,16042.0,0.0,4294963200.0,01-08 05:36:03,16421.0,32761.0,0.0,192.0,259350.0,0.0,0.0,3.0,0.0,0.0,0.0,0.0,0.0,87.0,3.0,0.0,0.0,0.0,2.0,4.0,2.0,2.0,0.0,10.0,32.0,31.0
0.0,0.251,99.749,0.0,0.0,0.0,0.0,33230848.0,0.0,0.0,1013.0,1013.0,1014.0,8.0,7.990,7.900,632979456.0,135258112.0,3154845696.0,1.31307986944e+11,0.0,1.0,0.0,0.0,16220.0,0.0,4294963200.0,01-08 05:36:04,16598.0,33120.0,0.0,192.0,259350.0,0.0,0.0,3.0,0.0,0.0,0.0,0.0,0.0,87.0,3.0,0.0,0.0,0.0,2.0,4.0,2.0,2.0,0.0,10.0,30.0,30.0
0.125,0.125,99.749,0.0,0.0,0.0,0.0,33361920.0,0.0,0.0,1018.0,1018.0,1018.0,8.0,7.990,7.910,632979456.0,135258112.0,3154845696.0,1.31307986944e+11,0.0,1.0,0.0,0.0,16288.0,0.0,4294963200.0,01-08 05:36:05,16665.0,33268.0,0.0,192.0,259350.0,0.0,0.0,3.0,0.0,0.0,0.0,0.0,0.0,87.0,3.0,0.0,0.0,0.0,2.0,4.0,2.0,2.0,0.0,10.0,31.0,33.0
0.209,0.125,99.666,0.0,0.0,0.0,0.0,33660928.0,0.0,0.0,1028.0,1028.0,1028.0,8.0,7.990,7.910,632979456.0,135258112.0,3154845696.0,1.31307986944e+11,0.0,1.0,0.0,0.0,16444.0,0.0,4294963200.0,01-08 05:36:06,16819.0,33553.0,0.0,192.0,259350.0,0.0,0.0,3.0,0.0,0.0,0.0,0.0,0.0,87.0,3.0,0.0,0.0,0.0,2.0,4.0,2.0,2.0,0.0,10.0,30.0,30.0
0.125,0.167,99.708,0.0,0.0,0.0,0.0,33476608.0,0.0,0.0,1021.0,1021.0,1021.0,8.0,7.990,7.910,632979456.0,135258112.0,3154845696.0,1.31307986944e+11,0.0,1.0,0.0,0.0,16338.0,0.0,4294963200.0,01-08 05:36:07,16717.0,33352.0,0.0,192.0,259350.0,0.0,0.0,3.0,0.0,0.0,0.0,0.0,0.0,87.0,3.0,0.0,0.0,0.0,2.0,4.0,2.0,2.0,0.0,10.0,30.0,30.0
0.167,0.167,99.666,0.0,0.0,0.0,0.0,32919552.0,0.0,0.0,1005.0,1005.0,1005.0,8.0,7.990,7.910,632979456.0,135258112.0,3154845696.0,1.31307986944e+11,0.0,1.0,0.0,0.0,16072.0,0.0,4294963200.0,01-08 05:36:08,16446.0,32809.0,0.0,192.0,259350.0,0.0,0.0,3.0,0.0,0.0,0.0,0.0,0.0,87.0,3.0,0.0,0.0,0.0,2.0,4.0,2.0,2.0,0.0,10.0,31.0,31.0
0.0,0.209,99.791,0.0,0.0,0.0,0.0,33439744.0,0.0,0.0,1020.0,1020.0,1020.0,8.0,7.990,7.910,632979456.0,135258112.0,3154845696.0,1.31307986944e+11,0.0,1.0,0.0,0.0,16326.0,0.0,4294963200.0,01-08 05:36:09,16702.0,33328.0,0.0,192.0,259350.0,0.0,0.0,3.0,0.0,0.0,0.0,0.0,0.0,87.0,3.0,0.0,0.0,0.0,2.0,4.0,2.0,2.0,0.0,10.0,30.0,33.0
0.0,0.292,99.666,0.042,0.0,0.0,0.0,33587200.0,0.0,0.0,1025.0,1025.0,1025.0,8.0,7.990,7.910,632979456.0,135258112.0,3154845696.0,1.31307986944e+11,0.0,1.0,0.0,0.0,16398.0,0.0,4294963200.0,01-08 05:36:10,16778.0,33488.0,0.0,192.0,259350.0,0.0,0.0,3.0,0.0,0.0,0.0,0.0,0.0,87.0,3.0,0.0,0.0,0.0,2.0,4.0,2.0,2.0,0.0,10.0,31.0,31.0
0.084,0.167,99.749,0.0,0.0,0.0,0.0,33263616.0,0.0,0.0,1015.0,1015.0,1015.0,8.0,7.990,7.910,632979456.0,135258112.0,3154845696.0,1.31307986944e+11,0.0,1.0,0.0,0.0,16242.0,0.0,4294963200.0,01-08 05:36:11,16618.0,33159.0,0.0,192.0,259350.0,0.0,0.0,3.0,0.0,0.0,0.0,0.0,0.0,87.0,3.0,0.0,0.0,0.0,2.0,4.0,2.0,2.0,0.0,10.0,30.0,30.0
0.042,0.292,99.666,0.0,0.0,0.0,0.0,32673792.0,0.0,0.0,997.0,997.0,997.0,8.0,7.990,7.910,632852480.0,135258112.0,3154845696.0,1.3130811392e+11,0.0,1.0,0.0,0.0,15956.0,0.0,4294963200.0,01-08 05:36:12,16337.0,32597.0,0.0,192.0,259350.0,0.0,0.0,3.0,0.0,0.0,0.0,0.0,0.0,87.0,3.0,0.0,0.0,0.0,2.0,4.0,2.0,2.0,0.0,10.0,31.0,31.0
0.084,0.125,99.791,0.0,0.0,0.0,0.0,33222656.0,0.0,0.0,1014.0,1014.0,1014.0,8.0,7.990,7.910,632852480.0,135258112.0,3154845696.0,1.3130811392e+11,0.0,1.0,0.0,0.0,16198.0,0.0,4294963200.0,01-08 05:36:13,16571.0,33073.0,0.0,192.0,259350.0,0.0,0.0,3.0,0.0,0.0,0.0,0.0,0.0,87.0,3.0,0.0,0.0,0.0,2.0,4.0,2.0,2.0,0.0,10.0,30.0,35.0
0.125,0.292,99.583,0.0,0.0,0.0,0.0,33361920.0,0.0,0.0,1018.0,1018.0,1018.0,8.0,7.990,7.910,632852480.0,135258112.0,3154845696.0,1.3130811392e+11,0.0,1.0,0.0,0.0,16306.0,0.0,4294963200.0,01-08 05:36:14,16899.0,33289.0,0.0,192.0,259350.0,0.0,0.0,3.0,0.0,0.0,0.0,0.0,0.0,87.0,3.0,0.0,0.0,0.0,2.0,4.0,2.0,2.0,0.0,10.0,31.0,31.0
0.167,0.333,99.500,0.0,0.0,0.0,0.0,33411072.0,0.0,0.0,1019.0,1019.0,1019.0,8.0,7.990,7.910,632848384.0,135258112.0,3154849792.0,1.3130811392e+11,0.0,1.0,0.0,0.0,16296.0,0.0,4294963200.0,01-08 05:36:15,18144.0,33269.0,0.0,192.0,259350.0,0.0,0.0,3.0,0.0,0.0,0.0,0.0,0.0,87.0,3.0,0.0,0.0,0.0,2.0,4.0,2.0,2.0,0.0,10.0,31.0,30.0
0.0,0.250,99.708,0.042,0.0,0.0,0.0,33591296.0,0.0,0.0,1026.0,1026.0,1025.0,8.0,7.990,7.910,632848384.0,135258112.0,3154849792.0,1.3130811392e+11,0.0,1.0,0.0,0.0,16418.0,0.0,4294963200.0,01-08 05:36:16,17482.0,33506.0,0.0,192.0,259350.0,0.0,0.0,3.0,0.0,0.0,0.0,0.0,0.0,87.0,3.0,0.0,0.0,0.0,2.0,4.0,2.0,2.0,0.0,10.0,30.0,30.0
0.042,0.167,99.749,0.042,0.0,0.0,0.0,33345536.0,0.0,0.0,1017.0,1017.0,1018.0,8.0,7.990,7.910,632848384.0,135258112.0,3154849792.0,1.3130811392e+11,0.0,1.0,0.0,0.0,16286.0,0.0,4294963200.0,01-08 05:36:17,16663.0,33252.0,0.0,192.0,259350.0,0.0,0.0,3.0,0.0,0.0,0.0,0.0,0.0,87.0,3.0,0.0,0.0,0.0,2.0,4.0,2.0,2.0,0.0,10.0,31.0,31.0
0.0,0.292,99.708,0.0,0.0,0.0,0.0,33484800.0,0.0,0.0,1022.0,1022.0,1022.0,8.0,7.990,7.910,632848384.0,135258112.0,3154849792.0,1.3130811392e+11,0.0,1.0,0.0,0.0,16350.0,0.0,4294963200.0,01-08 05:36:18,16721.0,33364.0,0.0,192.0,259350.0,0.0,0.0,3.0,0.0,0.0,0.0,0.0,0.0,87.0,3.0,0.0,0.0,0.0,2.0,4.0,2.0,2.0,0.0,10.0,30.0,30.0
0.125,0.333,99.541,0.0,0.0,0.0,0.0,33562624.0,0.0,0.0,1024.0,1024.0,1024.0,8.0,7.990,7.910,632848384.0,135258112.0,3154849792.0,1.3130811392e+11,0.0,1.0,0.0,0.0,16382.0,0.0,4294963200.0,01-08 05:36:19,16771.0,33458.0,0.0,192.0,259350.0,0.0,0.0,3.0,0.0,0.0,0.0,0.0,0.0,87.0,3.0,0.0,0.0,0.0,2.0,4.0,2.0,2.0,0.0,10.0,31.0,31.0
0.083,0.209,99.708,0.0,0.0,0.0,0.0,33505280.0,0.0,0.0,1023.0,1023.0,1022.0,8.0,7.990,7.910,632848384.0,135258112.0,3154849792.0,1.3130811392e+11,0.0,1.0,0.0,0.0,16358.0,0.0,4294963200.0,01-08 05:36:20,16736.0,33400.0,0.0,192.0,259350.0,0.0,0.0,3.0,0.0,0.0,0.0,0.0,0.0,87.0,3.0,0.0,0.0,0.0,2.0,4.0,2.0,2.0,0.0,10.0,30.0,30.0
0.042,0.209,99.749,0.0,0.0,0.0,0.0,33431552.0,0.0,0.0,1020.0,1020.0,1021.0,8.0,7.990,7.910,632848384.0,135258112.0,3154849792.0,1.3130811392e+11,0.0,1.0,0.0,0.0,16326.0,0.0,4294963200.0,01-08 05:36:21,16698.0,33316.0,0.0,192.0,259350.0,0.0,0.0,3.0,0.0,0.0,0.0,0.0,0.0,87.0,3.0,0.0,0.0,0.0,2.0,4.0,2.0,2.0,0.0,10.0,31.0,31.0
0.083,0.209,99.708,0.0,0.0,0.0,0.0,33198080.0,0.0,0.0,1013.0,1013.0,1013.0,8.0,7.990,7.910,632848384.0,135258112.0,3154849792.0,1.3130811392e+11,0.0,1.0,0.0,0.0,16208.0,0.0,4294963200.0,01-08 05:36:22,16592.0,33105.0,0.0,192.0,259350.0,0.0,0.0,3.0,0.0,0.0,0.0,0.0,0.0,87.0,3.0,0.0,0.0,0.0,2.0,4.0,2.0,2.0,0.0,10.0,30.0,30.0
0.084,0.167,99.749,0.0,0.0,0.0,0.0,33394688.0,0.0,0.0,1019.0,1019.0,1019.0,8.0,7.990,7.910,632848384.0,135258112.0,3154849792.0,1.3130811392e+11,0.0,1.0,0.0,0.0,16308.0,0.0,4294963200.0,01-08 05:36:23,16683.0,33302.0,0.0,192.0,259350.0,0.0,0.0,3.0,0.0,0.0,0.0,0.0,0.0,87.0,3.0,0.0,0.0,0.0,2.0,4.0,2.0,2.0,0.0,10.0,31.0,31.0
0.167,0.375,99.417,0.042,0.0,0.0,0.0,33255424.0,0.0,0.0,1015.0,1015.0,1015.0,8.0,7.990,7.910,632848384.0,135258112.0,3154849792.0,1.3130811392e+11,0.0,1.0,0.0,0.0,16234.0,0.0,4294963200.0,01-08 05:36:24,16614.0,33142.0,0.0,192.0,259350.0,0.0,0.0,3.0,0.0,0.0,0.0,0.0,0.0,87.0,3.0,0.0,0.0,0.0,2.0,4.0,2.0,2.0,0.0,10.0,30.0,30.0
0.042,0.250,99.708,0.0,0.0,0.0,0.0,34627584.0,0.0,0.0,1006.0,1006.0,1006.0,8.0,7.990,7.910,633057280.0,135258112.0,3154694144.0,1.31308060672e+11,0.0,1.0,0.0,0.0,16112.0,0.0,4294963200.0,01-08 05:36:25,16510.0,32920.0,0.0,192.0,259350.0,0.0,0.0,3.0,0.0,0.0,0.0,0.0,0.0,87.0,3.0,0.0,0.0,0.0,2.0,4.0,2.0,2.0,0.0,10.0,303.0,290.0
0.083,0.292,99.624,0.0,0.0,0.0,0.0,33579008.0,0.0,0.0,1025.0,1025.0,1025.0,8.0,7.990,7.910,632975360.0,135258112.0,3154849792.0,1.31307986944e+11,0.0,1.0,0.0,0.0,16396.0,0.0,4294963200.0,01-08 05:36:26,16786.0,33493.0,0.0,192.0,259350.0,0.0,0.0,3.0,0.0,0.0,0.0,0.0,0.0,87.0,3.0,0.0,0.0,0.0,2.0,4.0,2.0,2.0,0.0,10.0,31.0,31.0
0.042,0.250,99.708,0.0,0.0,0.0,0.0,33304576.0,0.0,0.0,1016.0,1016.0,1016.0,8.0,7.990,7.910,632975360.0,135258112.0,3154849792.0,1.31307986944e+11,0.0,1.0,0.0,0.0,16261.0,0.0,4294963200.0,01-08 05:36:27,16653.0,33217.0,0.0,192.0,259350.0,0.0,0.0,3.0,0.0,0.0,0.0,0.0,0.0,87.0,3.0,0.0,0.0,0.0,2.0,4.0,2.0,2.0,0.0,10.0,35.0,31.0
0.250,0.333,99.417,0.0,0.0,0.0,0.0,33570816.0,0.0,0.0,1024.0,1024.0,1024.0,8.0,7.990,7.910,632971264.0,135258112.0,3154853888.0,1.31307986944e+11,0.0,1.0,0.0,0.0,16380.0,0.0,4294963200.0,01-08 05:36:28,16768.0,33433.0,0.0,192.0,259350.0,0.0,0.0,3.0,0.0,0.0,0.0,0.0,0.0,87.0,3.0,0.0,0.0,0.0,2.0,4.0,2.0,2.0,0.0,10.0,32.0,31.0
0.125,0.250,99.625,0.0,0.0,0.0,0.0,33495040.0,0.0,0.0,1022.0,1022.0,1022.0,8.0,7.990,7.910,632971264.0,135258112.0,3154853888.0,1.31307986944e+11,0.0,1.0,0.0,0.0,16360.0,0.0,4294963200.0,01-08 05:36:29,16738.0,33404.0,0.0,192.0,259350.0,0.0,0.0,3.0,0.0,0.0,0.0,0.0,0.0,87.0,3.0,0.0,0.0,0.0,2.0,4.0,2.0,2.0,0.0,10.0,30.0,30.0
0.208,0.208,99.541,0.042,0.0,0.0,0.0,33536000.0,0.0,0.0,1024.0,1024.0,1024.0,8.0,7.990,7.910,632971264.0,135258112.0,3154853888.0,1.31307986944e+11,0.0,1.0,0.0,0.0,16378.0,0.0,4294963200.0,01-08 05:36:30,16760.0,33433.0,0.0,192.0,259350.0,0.0,0.0,3.0,0.0,0.0,0.0,0.0,0.0,87.0,3.0,0.0,0.0,0.0,2.0,4.0,2.0,2.0,0.0,10.0,31.0,31.0
0.042,0.334,99.625,0.0,0.0,0.0,0.0,33636352.0,0.0,0.0,1026.0,1026.0,1026.0,8.0,7.990,7.910,632971264.0,135258112.0,3154853888.0,1.31307986944e+11,0.0,1.0,0.0,0.0,16422.0,0.0,4294963200.0,01-08 05:36:31,16804.0,33521.0,0.0,192.0,259350.0,0.0,0.0,3.0,0.0,0.0,0.0,0.0,0.0,87.0,3.0,0.0,0.0,0.0,2.0,4.0,2.0,2.0,0.0,10.0,30.0,30.0
0.084,0.251,99.666,0.0,0.0,0.0,0.0,32874496.0,0.0,0.0,1004.0,1003.0,1003.0,8.0,7.990,7.910,632971264.0,135258112.0,3154853888.0,1.31307986944e+11,0.0,1.0,0.0,0.0,16052.0,0.0,4294963200.0,01-08 05:36:32,16430.0,32783.0,0.0,192.0,259350.0,0.0,0.0,3.0,0.0,0.0,0.0,0.0,0.0,87.0,3.0,0.0,0.0,0.0,2.0,4.0,2.0,2.0,0.0,10.0,31.0,31.0
0.042,0.292,99.666,0.0,0.0,0.0,0.0,33320960.0,0.0,0.0,1017.0,1017.0,1017.0,8.0,7.990,7.910,632844288.0,135258112.0,3154853888.0,1.3130811392e+11,0.0,1.0,0.0,0.0,16272.0,0.0,4294963200.0,01-08 05:36:33,16651.0,33221.0,0.0,192.0,259350.0,0.0,0.0,3.0,0.0,0.0,0.0,0.0,0.0,87.0,3.0,0.0,0.0,0.0,2.0,4.0,2.0,2.0,0.0,10.0,30.0,38.0
0.042,0.084,99.874,0.0,0.0,0.0,0.0,33325056.0,0.0,0.0,1016.0,1017.0,1017.0,8.0,7.990,7.910,632844288.0,135258112.0,3154853888.0,1.3130811392e+11,0.0,1.0,0.0,0.0,16262.0,0.0,4294963200.0,01-08 05:36:34,16636.0,33197.0,0.0,192.0,259350.0,0.0,0.0,3.0,0.0,0.0,0.0,0.0,0.0,87.0,3.0,0.0,0.0,0.0,2.0,4.0,2.0,2.0,0.0,10.0,31.0,31.0
0.084,0.125,99.791,0.0,0.0,0.0,0.0,33816576.0,0.0,0.0,1032.0,1032.0,1032.0,8.0,7.990,7.910,632844288.0,135258112.0,3154853888.0,1.3130811392e+11,0.0,1.0,0.0,0.0,16514.0,0.0,4294963200.0,01-08 05:36:35,16891.0,33711.0,0.0,192.0,259350.0,0.0,0.0,3.0,0.0,0.0,0.0,0.0,0.0,87.0,3.0,0.0,0.0,0.0,2.0,4.0,2.0,2.0,0.0,10.0,30.0,30.0
0.042,0.167,99.791,0.0,0.0,0.0,0.0,33507328.0,0.0,0.0,1023.0,1022.0,1022.0,8.0,7.990,7.910,632844288.0,135258112.0,3154853888.0,1.3130811392e+11,0.0,1.0,0.0,0.0,16360.0,0.0,4294963200.0,01-08 05:36:36,16735.0,33391.0,0.0,192.0,259350.0,0.0,0.0,3.0,0.0,0.0,0.0,0.0,0.0,87.0,3.0,0.0,0.0,0.0,2.0,4.0,2.0,2.0,0.0,10.0,30.0,30.0
0.083,0.292,99.624,0.0,0.0,0.0,0.0,33396736.0,0.0,0.0,1019.0,1020.0,1020.0,8.0,7.990,7.910,632844288.0,135258112.0,3154853888.0,1.3130811392e+11,0.0,1.0,0.0,0.0,16308.0,0.0,4294963200.0,01-08 05:36:37,16696.0,33297.0,0.0,192.0,259350.0,0.0,0.0,3.0,0.0,0.0,0.0,0.0,0.0,87.0,3.0,0.0,0.0,0.0,2.0,4.0,2.0,2.0,0.0,10.0,31.0,34.0
0.083,0.333,99.542,0.042,0.0,0.0,0.0,33185792.0,0.0,0.0,1013.0,1012.0,1012.0,8.0,7.990,7.910,632844288.0,135258112.0,3154853888.0,1.3130811392e+11,0.0,1.0,0.0,0.0,16204.0,0.0,4294963200.0,01-08 05:36:38,16584.0,33083.0,0.0,192.0,259350.0,0.0,0.0,3.0,0.0,0.0,0.0,0.0,0.0,87.0,3.0,0.0,0.0,0.0,2.0,4.0,2.0,2.0,0.0,10.0,30.0,30.0
0.125,0.417,99.458,0.0,0.0,0.0,0.0,33816576.0,0.0,0.0,1031.0,1032.0,1032.0,8.0,7.990,7.910,632844288.0,135258112.0,3154853888.0,1.3130811392e+11,0.0,1.0,0.0,0.0,16504.0,0.0,4294963200.0,01-08 05:36:39,16893.0,33675.0,0.0,192.0,259350.0,0.0,0.0,3.0,0.0,0.0,0.0,0.0,0.0,87.0,3.0,0.0,0.0,0.0,2.0,4.0,2.0,2.0,0.0,10.0,31.0,31.0
0.0,0.084,99.916,0.0,0.0,0.0,0.0,33722368.0,0.0,0.0,1029.0,1029.0,1029.0,8.0,7.990,7.910,632844288.0,135258112.0,3154853888.0,1.3130811392e+11,0.0,1.0,0.0,0.0,16470.0,0.0,4294963200.0,01-08 05:36:40,16844.0,33621.0,0.0,192.0,259350.0,0.0,0.0,3.0,0.0,0.0,0.0,0.0,0.0,87.0,3.0,0.0,0.0,0.0,2.0,4.0,2.0,2.0,0.0,10.0,30.0,30.0
0.083,0.292,99.625,0.0,0.0,0.0,0.0,33132544.0,0.0,0.0,1011.0,1011.0,1011.0,8.0,7.990,7.910,632840192.0,135258112.0,3154857984.0,1.3130811392e+11,0.0,1.0,0.0,0.0,16176.0,0.0,4294963200.0,01-08 05:36:41,16569.0,33043.0,0.0,192.0,259350.0,0.0,0.0,3.0,0.0,0.0,0.0,0.0,0.0,87.0,3.0,0.0,0.0,0.0,2.0,4.0,2.0,2.0,0.0,10.0,32.0,33.0
0.0,0.125,99.875,0.0,0.0,0.0,0.0,32993280.0,0.0,0.0,1007.0,1007.0,1007.0,8.0,7.990,7.910,632840192.0,135258112.0,3154857984.0,1.3130811392e+11,0.0,1.0,0.0,0.0,16110.0,0.0,4294963200.0,01-08 05:36:42,16488.0,32901.0,0.0,192.0,259350.0,0.0,0.0,3.0,0.0,0.0,0.0,0.0,0.0,87.0,3.0,0.0,0.0,0.0,2.0,4.0,2.0,2.0,0.0,10.0,30.0,30.0
0.083,0.334,99.583,0.0,0.0,0.0,0.0,33443840.0,0.0,0.0,1021.0,1021.0,1021.0,8.0,7.990,7.910,632840192.0,135258112.0,3154857984.0,1.3130811392e+11,0.0,1.0,0.0,0.0,16328.0,0.0,4294963200.0,01-08 05:36:43,16716.0,33329.0,0.0,192.0,259350.0,0.0,0.0,3.0,0.0,0.0,0.0,0.0,0.0,87.0,3.0,0.0,0.0,0.0,2.0,4.0,2.0,2.0,0.0,10.0,31.0,31.0
0.0,0.084,99.916,0.0,0.0,0.0,0.0,33730560.0,0.0,0.0,1029.0,1029.0,1029.0,8.0,7.990,7.910,632840192.0,135258112.0,3154857984.0,1.3130811392e+11,0.0,1.0,0.0,0.0,16466.0,0.0,4294963200.0,01-08 05:36:44,16836.0,33600.0,0.0,192.0,259350.0,0.0,0.0,3.0,0.0,0.0,0.0,0.0,0.0,87.0,3.0,0.0,0.0,0.0,2.0,4.0,2.0,2.0,0.0,10.0,30.0,30.0
0.083,0.375,99.541,0.0,0.0,0.0,0.0,33644544.0,0.0,0.0,1027.0,1027.0,1026.0,8.0,7.990,7.910,632840192.0,135258112.0,3154857984.0,1.3130811392e+11,0.0,1.0,0.0,0.0,16428.0,0.0,4294963200.0,01-08 05:36:45,16808.0,33538.0,0.0,192.0,259350.0,0.0,0.0,3.0,0.0,0.0,0.0,0.0,0.0,87.0,3.0,0.0,0.0,0.0,2.0,4.0,2.0,2.0,0.0,10.0,31.0,38.0
0.0,0.292,99.666,0.042,0.0,0.0,0.0,33419264.0,0.0,0.0,1020.0,1019.0,1020.0,8.0,7.990,7.910,632840192.0,135258112.0,3154857984.0,1.3130811392e+11,0.0,1.0,0.0,0.0,16317.0,0.0,4294963200.0,01-08 05:36:46,16699.0,33318.0,0.0,192.0,259350.0,0.0,0.0,3.0,0.0,0.0,0.0,0.0,0.0,87.0,3.0,0.0,0.0,0.0,2.0,4.0,2.0,2.0,0.0,10.0,31.0,31.0
0.125,0.209,99.666,0.0,0.0,0.0,0.0,33767424.0,0.0,0.0,1030.0,1031.0,1031.0,8.0,7.990,7.910,632840192.0,135258112.0,3154857984.0,1.3130811392e+11,0.0,1.0,0.0,0.0,16489.0,0.0,4294963200.0,01-08 05:36:47,16872.0,33654.0,0.0,192.0,259350.0,0.0,0.0,3.0,0.0,0.0,0.0,0.0,0.0,87.0,3.0,0.0,0.0,0.0,2.0,4.0,2.0,2.0,0.0,10.0,30.0,30.0
0.0,0.292,99.708,0.0,0.0,0.0,0.0,33599488.0,0.0,0.0,1026.0,1025.0,1025.0,8.0,7.990,7.910,632807424.0,135258112.0,3154857984.0,1.31308146688e+11,0.0,1.0,0.0,0.0,16392.0,0.0,4294963200.0,01-08 05:36:48,16774.0,33466.0,0.0,192.0,259350.0,0.0,0.0,3.0,0.0,0.0,0.0,0.0,0.0,87.0,3.0,0.0,0.0,0.0,2.0,4.0,2.0,2.0,0.0,10.0,31.0,39.0
0.0,0.126,99.874,0.0,0.0,0.0,0.0,33935360.0,0.0,0.0,1035.0,1036.0,1035.0,8.0,7.990,7.910,632807424.0,135258112.0,3154857984.0,1.31308146688e+11,0.0,1.0,0.0,0.0,16578.0,0.0,4294963200.0,01-08 05:36:49,16953.0,33828.0,0.0,192.0,259350.0,0.0,0.0,3.0,0.0,0.0,0.0,0.0,0.0,87.0,3.0,0.0,0.0,0.0,2.0,4.0,2.0,2.0,0.0,10.0,30.0,30.0
0.083,0.333,99.583,0.0,0.0,0.0,0.0,33591296.0,0.0,0.0,1025.0,1025.0,1026.0,8.0,7.990,7.910,632807424.0,135258112.0,3154857984.0,1.31308146688e+11,0.0,1.0,0.0,0.0,16402.0,0.0,4294963200.0,01-08 05:36:50,16787.0,33483.0,0.0,192.0,259350.0,0.0,0.0,3.0,0.0,0.0,0.0,0.0,0.0,87.0,3.0,0.0,0.0,0.0,2.0,4.0,2.0,2.0,0.0,10.0,31.0,31.0
0.042,0.250,99.708,0.0,0.0,0.0,0.0,33144832.0,0.0,0.0,1011.0,1011.0,1011.0,8.0,7.990,7.910,632807424.0,135258112.0,3154857984.0,1.31308146688e+11,0.0,1.0,0.0,0.0,16188.0,0.0,4294963200.0,01-08 05:36:51,16568.0,33040.0,0.0,192.0,259350.0,0.0,0.0,3.0,0.0,0.0,0.0,0.0,0.0,87.0,3.0,0.0,0.0,0.0,2.0,4.0,2.0,2.0,0.0,10.0,30.0,30.0
0.084,0.125,99.749,0.042,0.0,0.0,0.0,34105344.0,0.0,0.0,1041.0,1041.0,1041.0,8.0,7.990,7.910,632807424.0,135258112.0,3154857984.0,1.31308146688e+11,0.0,1.0,0.0,0.0,16650.0,0.0,4294963200.0,01-08 05:36:52,17032.0,33989.0,0.0,192.0,259350.0,0.0,0.0,3.0,0.0,0.0,0.0,0.0,0.0,87.0,3.0,0.0,0.0,0.0,2.0,4.0,2.0,2.0,0.0,10.0,31.0,31.0
0.167,0.292,99.541,0.0,0.0,0.0,0.0,33490944.0,0.0,0.0,1022.0,1022.0,1022.0,8.0,7.990,7.910,632803328.0,135258112.0,3154862080.0,1.31308146688e+11,0.0,1.0,0.0,0.0,16352.0,0.0,4294963200.0,01-08 05:36:53,16735.0,33382.0,0.0,192.0,259350.0,0.0,0.0,3.0,0.0,0.0,0.0,0.0,0.0,87.0,3.0,0.0,0.0,0.0,2.0,4.0,2.0,2.0,0.0,10.0,31.0,32.0
0.167,0.292,99.541,0.0,0.0,0.0,0.0,33865728.0,0.0,0.0,1033.0,1033.0,1033.0,8.0,7.990,7.910,632803328.0,135258112.0,3154862080.0,1.31308146688e+11,0.0,1.0,0.0,0.0,16528.0,0.0,4294963200.0,01-08 05:36:54,16907.0,33728.0,0.0,192.0,259350.0,0.0,0.0,3.0,0.0,0.0,0.0,0.0,0.0,87.0,3.0,0.0,0.0,0.0,2.0,4.0,2.0,2.0,0.0,10.0,30.0,30.0
0.042,0.209,99.749,0.0,0.0,0.0,0.0,33386496.0,0.0,0.0,1019.0,1019.0,1019.0,8.0,7.990,7.910,632803328.0,135258112.0,3154862080.0,1.31308146688e+11,0.0,1.0,0.0,0.0,16304.0,0.0,4294963200.0,01-08 05:36:55,16687.0,33287.0,0.0,192.0,259350.0,0.0,0.0,3.0,0.0,0.0,0.0,0.0,0.0,87.0,3.0,0.0,0.0,0.0,2.0,4.0,2.0,2.0,0.0,10.0,32.0,31.0
0.042,0.125,99.833,0.0,0.0,0.0,0.0,33832960.0,0.0,0.0,1033.0,1033.0,1033.0,8.0,7.990,7.910,632803328.0,135258112.0,3154862080.0,1.31308146688e+11,0.0,1.0,0.0,0.0,16520.0,0.0,4294963200.0,01-08 05:36:56,16898.0,33714.0,0.0,192.0,259350.0,0.0,0.0,3.0,0.0,0.0,0.0,0.0,0.0,87.0,3.0,0.0,0.0,0.0,2.0,4.0,2.0,2.0,0.0,10.0,31.0,30.0
0.042,0.209,99.708,0.042,0.0,0.0,0.0,33800192.0,0.0,0.0,1031.0,1031.0,1031.0,8.0,7.990,7.910,632803328.0,135258112.0,3154862080.0,1.31308146688e+11,0.0,1.0,0.0,0.0,16504.0,0.0,4294963200.0,01-08 05:36:57,17577.0,33691.0,0.0,192.0,259350.0,0.0,0.0,3.0,0.0,0.0,0.0,0.0,0.0,87.0,3.0,0.0,0.0,0.0,2.0,4.0,2.0,2.0,0.0,10.0,31.0,31.0
0.167,0.416,99.417,0.0,0.0,0.0,0.0,33792000.0,0.0,0.0,1031.0,1031.0,1031.0,8.0,7.990,7.910,632803328.0,135258112.0,3154862080.0,1.31308146688e+11,0.0,1.0,0.0,0.0,16502.0,0.0,4294963200.0,01-08 05:36:58,18361.0,33675.0,0.0,192.0,259350.0,0.0,0.0,3.0,0.0,0.0,0.0,0.0,0.0,87.0,3.0,0.0,0.0,0.0,2.0,4.0,2.0,2.0,0.0,10.0,30.0,30.0
0.042,0.334,99.625,0.0,0.0,0.0,0.0,33783808.0,0.0,0.0,1031.0,1031.0,1031.0,8.0,7.990,7.910,632803328.0,135258112.0,3154862080.0,1.31308146688e+11,0.0,1.0,0.0,0.0,16488.0,0.0,4294963200.0,01-08 05:36:59,17456.0,33654.0,0.0,192.0,259350.0,0.0,0.0,3.0,0.0,0.0,0.0,0.0,0.0,87.0,3.0,0.0,0.0,0.0,2.0,4.0,2.0,2.0,0.0,10.0,31.0,31.0
0.083,0.209,99.666,0.042,0.0,0.0,0.0,35350528.0,0.0,0.0,1029.0,1029.0,1029.0,8.0,7.990,7.910,632422400.0,135258112.0,3154968576.0,1.3130842112e+11,0.0,1.0,0.0,0.0,16478.0,0.0,4294963200.0,01-08 05:37:00,16892.0,33669.0,0.0,192.0,259350.0,0.0,0.0,3.0,0.0,0.0,0.0,0.0,0.0,87.0,3.0,0.0,0.0,0.0,2.0,4.0,2.0,2.0,0.0,10.0,308.0,286.0
0.125,0.167,99.708,0.0,0.0,0.0,0.0,33400832.0,0.0,0.0,1020.0,1020.0,1020.0,8.0,7.990,7.910,632676352.0,135258112.0,3154862080.0,1.31308273664e+11,2.0,0.0,0.0,0.0,16310.0,0.0,4294963200.0,01-08 05:37:01,16692.0,33299.0,0.0,192.0,259350.0,0.0,0.0,3.0,0.0,0.0,0.0,0.0,0.0,87.0,3.0,0.0,0.0,0.0,2.0,4.0,2.0,2.0,0.0,10.0,31.0,32.0
0.0,0.334,99.666,0.0,0.0,0.0,0.0,34017280.0,0.0,0.0,1037.0,1036.0,1036.0,8.0,7.990,7.910,632676352.0,135258112.0,3154862080.0,1.31308273664e+11,0.0,1.0,2.0,0.0,16592.0,0.0,4294963200.0,01-08 05:37:02,16995.0,33891.0,0.0,192.0,259350.0,0.0,0.0,3.0,0.0,0.0,0.0,0.0,0.0,87.0,3.0,0.0,0.0,0.0,2.0,4.0,2.0,2.0,0.0,10.0,51.0,41.0
0.0,0.292,99.708,0.0,0.0,0.0,0.0,33906688.0,0.0,0.0,1034.0,1035.0,1035.0,8.0,7.990,7.910,632676352.0,135258112.0,3154862080.0,1.31308273664e+11,0.0,1.0,0.0,0.0,16554.0,0.0,4294963200.0,01-08 05:37:03,16934.0,33795.0,0.0,192.0,259350.0,0.0,0.0,3.0,0.0,0.0,0.0,0.0,0.0,87.0,3.0,0.0,0.0,0.0,2.0,4.0,2.0,2.0,0.0,10.0,30.0,30.0
0.0,0.292,99.666,0.042,0.0,0.0,0.0,33812480.0,0.0,0.0,1032.0,1032.0,1032.0,8.0,7.990,7.910,632676352.0,135258112.0,3154862080.0,1.31308273664e+11,0.0,1.0,0.0,0.0,16508.0,0.0,4294963200.0,01-08 05:37:04,16889.0,33696.0,0.0,192.0,259350.0,0.0,0.0,3.0,0.0,0.0,0.0,0.0,0.0,87.0,3.0,0.0,0.0,0.0,2.0,4.0,2.0,2.0,0.0,10.0,31.0,31.0
0.042,0.292,99.666,0.0,0.0,0.0,0.0,33370112.0,0.0,0.0,1018.0,1018.0,1018.0,8.0,7.990,7.910,632676352.0,135258112.0,3154862080.0,1.31308273664e+11,0.0,1.0,0.0,0.0,16292.0,0.0,4294963200.0,01-08 05:37:05,16668.0,33260.0,0.0,192.0,259350.0,0.0,0.0,3.0,0.0,0.0,0.0,0.0,0.0,87.0,3.0,0.0,0.0,0.0,2.0,4.0,2.0,2.0,0.0,10.0,31.0,33.0
0.042,0.292,99.666,0.0,0.0,0.0,0.0,33906688.0,0.0,0.0,1035.0,1035.0,1035.0,8.0,7.990,7.910,632672256.0,135258112.0,3154866176.0,1.31308273664e+11,2.0,0.0,0.0,0.0,16556.0,0.0,4294963200.0,01-08 05:37:06,16943.0,33801.0,0.0,192.0,259350.0,0.0,0.0,3.0,0.0,0.0,0.0,0.0,0.0,87.0,3.0,0.0,0.0,0.0,2.0,4.0,2.0,2.0,0.0,10.0,32.0,31.0
0.042,0.250,99.708,0.0,0.0,0.0,0.0,33951744.0,0.0,0.0,1036.0,1036.0,1036.0,8.0,7.990,7.910,632672256.0,135258112.0,3154866176.0,1.31308273664e+11,0.0,1.0,0.0,0.0,16580.0,0.0,4294963200.0,01-08 05:37:07,16962.0,33839.0,0.0,192.0,259350.0,0.0,0.0,3.0,0.0,0.0,0.0,0.0,0.0,87.0,3.0,0.0,0.0,0.0,2.0,4.0,2.0,2.0,0.0,10.0,30.0,30.0
0.125,0.167,99.708,0.0,0.0,0.0,0.0,34377728.0,0.0,0.0,1049.0,1049.0,1049.0,8.0,7.990,7.910,632672256.0,135258112.0,3154866176.0,1.31308273664e+11,0.0,1.0,0.0,0.0,16784.0,0.0,4294963200.0,01-08 05:37:08,17159.0,34244.0,0.0,192.0,259350.0,0.0,0.0,3.0,0.0,0.0,0.0,0.0,0.0,87.0,3.0,0.0,0.0,0.0,2.0,4.0,2.0,2.0,0.0,10.0,31.0,31.0
0.167,0.292,99.541,0.0,0.0,0.0,0.0,34025472.0,0.0,0.0,1038.0,1038.0,1038.0,8.0,7.990,7.910,632815616.0,135258112.0,3154866176.0,1.31308130304e+11,0.0,1.0,0.0,0.0,16610.0,0.0,4294963200.0,01-08 05:37:09,16999.0,33897.0,0.0,192.0,259350.0,0.0,0.0,3.0,0.0,0.0,0.0,0.0,0.0,87.0,3.0,0.0,0.0,0.0,2.0,4.0,2.0,2.0,0.0,10.0,30.0,37.0
0.0,0.084,99.916,0.0,0.0,0.0,0.0,33570816.0,0.0,0.0,1025.0,1025.0,1024.0,8.0,7.990,7.910,632807424.0,135258112.0,3154866176.0,1.31308138496e+11,0.0,1.0,0.0,0.0,16390.0,0.0,4294963200.0,01-08 05:37:10,16767.0,33466.0,0.0,192.0,259350.0,0.0,0.0,3.0,0.0,0.0,0.0,0.0,0.0,87.0,3.0,0.0,0.0,0.0,2.0,4.0,2.0,2.0,0.0,10.0,31.0,31.0
0.125,0.209,99.625,0.042,0.0,0.0,0.0,34131968.0,0.0,0.0,1041.0,1041.0,1042.0,8.0,7.990,7.910,632807424.0,135258112.0,3154866176.0,1.31308138496e+11,0.0,1.0,0.0,0.0,16665.0,0.0,4294963200.0,01-08 05:37:11,17042.0,34012.0,0.0,192.0,259350.0,0.0,0.0,3.0,0.0,0.0,0.0,0.0,0.0,87.0,3.0,0.0,0.0,0.0,2.0,4.0,2.0,2.0,0.0,10.0,30.0,30.0
0.042,0.0,99.916,0.0,0.0,0.042,0.0,33931264.0,0.0,0.0,1036.0,1036.0,1036.0,8.0,7.990,7.910,632807424.0,135258112.0,3154866176.0,1.31308138496e+11,0.0,1.0,0.0,0.0,16572.0,0.0,4294963200.0,01-08 05:37:12,16944.0,33825.0,0.0,192.0,259350.0,0.0,0.0,3.0,0.0,0.0,0.0,0.0,0.0,87.0,3.0,0.0,0.0,0.0,2.0,4.0,2.0,2.0,0.0,10.0,30.0,30.0
0.083,0.417,99.500,0.0,0.0,0.0,0.0,34283520.0,0.0,0.0,1046.0,1046.0,1046.0,8.0,7.990,7.910,632807424.0,135258112.0,3154866176.0,1.31308138496e+11,0.0,1.0,0.0,0.0,16736.0,0.0,4294963200.0,01-08 05:37:13,17127.0,34162.0,0.0,192.0,259350.0,0.0,0.0,3.0,0.0,0.0,0.0,0.0,0.0,87.0,3.0,0.0,0.0,0.0,2.0,4.0,2.0,2.0,0.0,10.0,31.0,33.0
0.0,0.292,99.708,0.0,0.0,0.0,0.0,34148352.0,0.0,0.0,1042.0,1042.0,1042.0,8.0,7.990,7.910,632807424.0,135258112.0,3154866176.0,1.31308138496e+11,0.0,1.0,0.0,0.0,16665.0,0.0,4294963200.0,01-08 05:37:14,17037.0,33993.0,0.0,192.0,259350.0,0.0,0.0,3.0,0.0,0.0,0.0,0.0,0.0,87.0,3.0,0.0,0.0,0.0,2.0,4.0,2.0,2.0,0.0,10.0,30.0,30.0
0.042,0.251,99.708,0.0,0.0,0.0,0.0,34099200.0,0.0,0.0,1040.0,1040.0,1040.0,8.0,7.990,7.910,632807424.0,135258112.0,3154866176.0,1.31308138496e+11,0.0,1.0,0.0,0.0,16654.0,0.0,4294963200.0,01-08 05:37:15,17043.0,34017.0,0.0,192.0,259350.0,0.0,0.0,3.0,0.0,0.0,0.0,0.0,0.0,87.0,3.0,0.0,0.0,0.0,2.0,4.0,2.0,2.0,0.0,10.0,31.0,31.0
0.084,0.125,99.791,0.0,0.0,0.0,0.0,34037760.0,0.0,0.0,1039.0,1039.0,1039.0,8.0,7.990,7.910,632807424.0,135258112.0,3154866176.0,1.31308138496e+11,2.0,0.0,0.0,0.0,16621.0,0.0,4294963200.0,01-08 05:37:16,16996.0,33922.0,0.0,192.0,259350.0,0.0,0.0,3.0,0.0,0.0,0.0,0.0,0.0,87.0,3.0,0.0,0.0,0.0,2.0,4.0,2.0,2.0,0.0,10.0,30.0,30.0
0.0,0.084,99.875,0.042,0.0,0.0,0.0,34373632.0,0.0,0.0,1049.0,1049.0,1048.0,8.0,7.990,7.910,632807424.0,135258112.0,3154866176.0,1.31308138496e+11,0.0,1.0,0.0,0.0,16775.0,0.0,4294963200.0,01-08 05:37:17,17152.0,34241.0,0.0,192.0,259350.0,0.0,0.0,3.0,0.0,0.0,0.0,0.0,0.0,87.0,3.0,0.0,0.0,0.0,2.0,4.0,2.0,2.0,0.0,10.0,31.0,34.0
0.125,0.250,99.625,0.0,0.0,0.0,0.0,34443264.0,0.0,0.0,1051.0,1051.0,1052.0,8.0,7.990,7.910,632807424.0,135258112.0,3154866176.0,1.31308138496e+11,0.0,1.0,0.0,0.0,16824.0,0.0,4294963200.0,01-08 05:37:18,17207.0,34327.0,0.0,192.0,259350.0,0.0,0.0,3.0,0.0,0.0,0.0,0.0,0.0,87.0,3.0,0.0,0.0,0.0,2.0,4.0,2.0,2.0,0.0,10.0,30.0,30.0
0.0,0.125,99.875,0.0,0.0,0.0,0.0,34168832.0,0.0,0.0,1043.0,1043.0,1042.0,8.0,7.990,7.910,632803328.0,135258112.0,3154870272.0,1.31308138496e+11,2.0,0.0,0.0,0.0,16678.0,0.0,4294963200.0,01-08 05:37:19,17047.0,34029.0,0.0,192.0,259350.0,0.0,0.0,3.0,0.0,0.0,0.0,0.0,0.0,87.0,3.0,0.0,0.0,0.0,2.0,4.0,2.0,2.0,0.0,10.0,32.0,31.0
0.084,0.167,99.749,0.0,0.0,0.0,0.0,34594816.0,0.0,0.0,1055.0,1055.0,1056.0,8.0,7.990,7.910,632803328.0,135258112.0,3154870272.0,1.31308138496e+11,0.0,1.0,0.0,0.0,16894.0,0.0,4294963200.0,01-08 05:37:20,17270.0,34477.0,0.0,192.0,259350.0,0.0,0.0,3.0,0.0,0.0,0.0,0.0,0.0,87.0,3.0,0.0,0.0,0.0,2.0,4.0,2.0,2.0,0.0,10.0,30.0,30.0
0.042,0.292,99.666,0.0,0.0,0.0,0.0,34570240.0,0.0,0.0,1056.0,1056.0,1055.0,8.0,7.990,7.910,632803328.0,135258112.0,3154870272.0,1.31308138496e+11,2.0,0.0,0.0,0.0,16888.0,0.0,4294963200.0,01-08 05:37:21,17263.0,34439.0,0.0,192.0,259350.0,0.0,0.0,3.0,0.0,0.0,0.0,0.0,0.0,87.0,3.0,0.0,0.0,0.0,2.0,4.0,2.0,2.0,0.0,10.0,30.0,31.0
0.042,0.292,99.666,0.0,0.0,0.0,0.0,35020800.0,0.0,0.0,1068.0,1068.0,1069.0,8.0,7.990,7.910,632803328.0,135258112.0,3154870272.0,1.31308138496e+11,0.0,1.0,0.0,0.0,17096.0,0.0,4294963200.0,01-08 05:37:22,17484.0,34874.0,0.0,192.0,259350.0,0.0,0.0,3.0,0.0,0.0,0.0,0.0,0.0,87.0,3.0,0.0,0.0,0.0,2.0,4.0,2.0,2.0,0.0,10.0,31.0,31.0
0.042,0.293,99.666,0.0,0.0,0.0,0.0,35143680.0,0.0,0.0,1073.0,1073.0,1073.0,8.0,7.990,7.910,632803328.0,135258112.0,3154870272.0,1.31308138496e+11,0.0,1.0,0.0,0.0,17162.0,0.0,4294963200.0,01-08 05:37:23,17540.0,34998.0,0.0,192.0,259350.0,0.0,0.0,3.0,0.0,0.0,0.0,0.0,0.0,87.0,3.0,0.0,0.0,0.0,2.0,4.0,2.0,2.0,0.0,10.0,30.0,30.0
0.042,0.334,99.624,0.0,0.0,0.0,0.0,36020224.0,0.0,0.0,1099.0,1098.0,1098.0,8.0,7.990,7.910,632803328.0,135258112.0,3154870272.0,1.31308138496e+11,0.0,1.0,0.0,0.0,17576.0,0.0,4294963200.0,01-08 05:37:24,17957.0,35834.0,0.0,192.0,259350.0,0.0,0.0,3.0,0.0,0.0,0.0,0.0,0.0,87.0,3.0,0.0,0.0,0.0,2.0,4.0,2.0,2.0,0.0,10.0,31.0,31.0
0.208,0.333,99.417,0.042,0.0,0.0,0.0,36868096.0,0.0,0.0,1125.0,1126.0,1125.0,8.0,7.990,7.910,632803328.0,135258112.0,3154870272.0,1.31308138496e+11,0.0,1.0,0.0,0.0,18006.0,0.0,4294963200.0,01-08 05:37:25,18393.0,36698.0,0.0,192.0,259350.0,0.0,0.0,3.0,0.0,0.0,0.0,0.0,0.0,87.0,3.0,0.0,0.0,0.0,2.0,4.0,2.0,2.0,0.0,10.0,31.0,38.0
0.084,0.251,99.666,0.0,0.0,0.0,0.0,37908480.0,0.0,0.0,1157.0,1157.0,1157.0,8.0,7.990,7.910,632803328.0,135258112.0,3154870272.0,1.31308138496e+11,0.0,1.0,0.0,0.0,18508.0,0.0,4294963200.0,01-08 05:37:26,18892.0,37696.0,0.0,192.0,259350.0,0.0,0.0,3.0,0.0,0.0,0.0,0.0,0.0,87.0,3.0,0.0,0.0,0.0,2.0,4.0,2.0,2.0,0.0,11.0,31.0,31.0
0.084,0.167,99.749,0.0,0.0,0.0,0.0,39454720.0,0.0,0.0,1204.0,1204.0,1205.0,8.0,7.990,7.910,632803328.0,135258112.0,3154870272.0,1.31308138496e+11,2.0,0.0,0.0,0.0,19274.0,0.0,4294963200.0,01-08 05:37:27,19658.0,39230.0,0.0,192.0,259350.0,0.0,0.0,3.0,0.0,0.0,0.0,0.0,0.0,87.0,3.0,0.0,0.0,0.0,2.0,4.0,2.0,2.0,0.0,10.0,31.0,30.0
0.084,0.167,99.749,0.0,0.0,0.0,0.0,41211904.0,0.0,0.0,1258.0,1257.0,1257.0,8.0,7.990,7.910,632803328.0,135258112.0,3154870272.0,1.31308138496e+11,0.0,1.0,0.0,0.0,20118.0,0.0,4294963200.0,01-08 05:37:28,20493.0,40927.0,0.0,192.0,259350.0,0.0,0.0,3.0,0.0,0.0,0.0,0.0,0.0,87.0,3.0,0.0,0.0,0.0,2.0,4.0,2.0,2.0,0.0,10.0,31.0,31.0
0.125,0.500,99.334,0.0,0.0,0.042,0.0,43327488.0,0.0,0.0,1321.0,1322.0,1322.0,8.0,7.990,7.910,632676352.0,135258112.0,3154870272.0,1.31308265472e+11,1.0,1.0,0.0,0.0,21150.0,0.0,4294963200.0,01-08 05:37:29,21566.0,42980.0,0.0,192.0,259350.0,0.0,0.0,3.0,0.0,0.0,0.0,0.0,0.0,87.0,3.0,0.0,0.0,0.0,2.0,4.0,2.0,2.0,0.0,19.0,32.0,80.0
0.125,0.375,99.416,0.042,0.0,0.042,0.0,45473792.0,0.0,0.0,1388.0,1387.0,1387.0,7.920,7.970,7.910,631304192.0,135258112.0,3154870272.0,1.31309637632e+11,0.0,0.0,0.0,0.0,22170.0,0.0,4294963200.0,01-08 05:37:30,22582.0,44989.0,0.0,192.0,259350.0,0.0,0.0,3.0,0.0,0.0,0.0,0.0,0.0,87.0,3.0,0.0,0.0,0.0,2.0,4.0,2.0,2.0,0.0,90.0,45.0,405.0
