"Dstat 0.7.2 CSV output"
"Author:","Dag Wieers <dag@wieers.com>",,,,"URL:","http://dag.wieers.com/home-made/dstat/"
"Host:","Gottfried",,,,"User:","root"
"Cmdline:","dstat --epoch --time --cpu --disk --page --int --load --mem --proc --io --swap --sys --aio --fs --ipc --lock --raw --socket --unix --vm --output /root/ImpressionOfES3000/02_benchmark_fio/executed.Gottfried.20140801_202540.18486/dstat.job.hioa1.xfs.sync.read.bs4k.j4.depth16.csv",,,,"Date:","02 Aug 2014 10:49:17 JST"

"epoch","system","total cpu usage",,,,,,"dsk/total",,"paging",,"interrupts",,,"load avg",,,"memory usage",,,,"procs",,,"io/total",,"swap",,"system",,"async","filesystem",,"sysv ipc",,,"file locks",,,,"raw","sockets",,,,,"unix sockets",,,,"virtual memory",,,
"epoch","time","usr","sys","idl","wai","hiq","siq","read","writ","in","out","141","142","143","1m","5m","15m","used","buff","cach","free","run","blk","new","read","writ","used","free","int","csw","#aio","files","inodes","msg","sem","shm","pos","lck","rea","wri","raw","tot","tcp","udp","raw","frg","dgm","str","lis","act","majpf","minpf","alloc","free"
1406944157.463,02-08 10:49:17,0.049,0.174,99.413,0.348,0.000,0.016,6731364.453,5816612.800,0.0,0.0,491.068,491.067,491.067,1.740,2.250,5.980,702873600.0,925696.0,4654391296.0,1.29872879616e+11,0.0,0.0,0.266,2610.599,2013.568,0.0,4294963200.0,4615.793,15228.888,0.0,576.0,289996.0,0.0,0.0,25.0,0.0,0.0,0.0,0.0,0.0,87.0,3.0,0.0,0.0,0.0,2.0,4.0,2.0,2.0,0.001,484.354,95.026,107.948
1406944158.464,02-08 10:49:18,0.0,0.0,100.0,0.0,0.0,0.0,0.0,0.0,0.0,0.0,0.0,0.0,0.0,1.740,2.250,5.980,702648320.0,925696.0,4654391296.0,1.29873104896e+11,0.0,0.0,0.0,0.0,0.0,0.0,4294963200.0,274.0,446.0,0.0,576.0,290000.0,0.0,0.0,25.0,0.0,0.0,0.0,0.0,0.0,87.0,3.0,0.0,0.0,0.0,2.0,4.0,2.0,2.0,0.0,8.0,16.0,16.0
1406944159.464,02-08 10:49:19,0.0,0.0,100.0,0.0,0.0,0.0,0.0,0.0,0.0,0.0,0.0,0.0,0.0,1.740,2.250,5.980,702611456.0,925696.0,4654395392.0,1.29873137664e+11,0.0,0.0,0.0,0.0,0.0,0.0,4294963200.0,242.0,454.0,0.0,576.0,290000.0,0.0,0.0,25.0,0.0,0.0,0.0,0.0,0.0,87.0,3.0,0.0,0.0,0.0,2.0,4.0,2.0,2.0,0.0,4.0,13.0,13.0
1406944160.464,02-08 10:49:20,0.0,0.0,100.0,0.0,0.0,0.0,0.0,0.0,0.0,0.0,0.0,0.0,0.0,1.740,2.250,5.980,702611456.0,925696.0,4654395392.0,1.29873137664e+11,0.0,0.0,0.0,0.0,0.0,0.0,4294963200.0,236.0,446.0,0.0,576.0,290000.0,0.0,0.0,25.0,0.0,0.0,0.0,0.0,0.0,87.0,3.0,0.0,0.0,0.0,2.0,4.0,2.0,2.0,0.0,4.0,12.0,12.0
1406944161.464,02-08 10:49:21,0.0,0.0,99.958,0.042,0.0,0.0,0.0,0.0,0.0,0.0,0.0,0.0,0.0,1.600,2.220,5.950,702611456.0,925696.0,4654395392.0,1.29873137664e+11,0.0,0.0,0.0,0.0,0.0,0.0,4294963200.0,243.0,457.0,0.0,576.0,290000.0,0.0,0.0,25.0,0.0,0.0,0.0,0.0,0.0,87.0,3.0,0.0,0.0,0.0,2.0,4.0,2.0,2.0,0.0,4.0,13.0,13.0
1406944162.464,02-08 10:49:22,0.0,0.0,100.0,0.0,0.0,0.0,0.0,0.0,0.0,0.0,0.0,0.0,0.0,1.600,2.220,5.950,702611456.0,925696.0,4654395392.0,1.29873137664e+11,0.0,0.0,0.0,0.0,0.0,0.0,4294963200.0,241.0,448.0,0.0,576.0,290000.0,0.0,0.0,25.0,0.0,0.0,0.0,0.0,0.0,87.0,3.0,0.0,0.0,0.0,2.0,4.0,2.0,2.0,0.0,4.0,12.0,12.0
1406944163.464,02-08 10:49:23,0.042,0.0,99.958,0.0,0.0,0.0,0.0,0.0,0.0,0.0,0.0,0.0,0.0,1.600,2.220,5.950,702611456.0,925696.0,4654395392.0,1.29873137664e+11,0.0,0.0,0.0,0.0,0.0,0.0,4294963200.0,241.0,450.0,0.0,576.0,290000.0,0.0,0.0,25.0,0.0,0.0,0.0,0.0,0.0,87.0,3.0,0.0,0.0,0.0,2.0,4.0,2.0,2.0,0.0,4.0,13.0,13.0
1406944164.464,02-08 10:49:24,0.0,0.0,100.0,0.0,0.0,0.0,0.0,0.0,0.0,0.0,0.0,0.0,0.0,1.600,2.220,5.950,702611456.0,925696.0,4654395392.0,1.29873137664e+11,0.0,0.0,0.0,0.0,0.0,0.0,4294963200.0,234.0,440.0,0.0,576.0,290000.0,0.0,0.0,25.0,0.0,0.0,0.0,0.0,0.0,87.0,3.0,0.0,0.0,0.0,2.0,4.0,2.0,2.0,0.0,4.0,12.0,55.0
1406944165.464,02-08 10:49:25,0.0,0.0,99.958,0.042,0.0,0.0,0.0,0.0,0.0,0.0,0.0,0.0,0.0,1.600,2.220,5.950,702611456.0,925696.0,4654395392.0,1.29873137664e+11,0.0,0.0,0.0,0.0,0.0,0.0,4294963200.0,240.0,450.0,0.0,576.0,290000.0,0.0,0.0,25.0,0.0,0.0,0.0,0.0,0.0,87.0,3.0,0.0,0.0,0.0,2.0,4.0,2.0,2.0,0.0,4.0,13.0,13.0
1406944166.464,02-08 10:49:26,0.0,0.0,100.0,0.0,0.0,0.0,0.0,1552384.0,0.0,0.0,0.0,0.0,0.0,1.470,2.180,5.910,702693376.0,925696.0,4654239744.0,1.29873211392e+11,0.0,0.0,0.0,0.0,21.0,0.0,4294963200.0,293.0,479.0,0.0,576.0,290000.0,0.0,0.0,25.0,0.0,0.0,0.0,0.0,0.0,87.0,3.0,0.0,0.0,0.0,2.0,4.0,2.0,2.0,0.0,4.0,238.0,204.0
1406944167.464,02-08 10:49:27,0.0,0.0,100.0,0.0,0.0,0.0,0.0,0.0,0.0,0.0,0.0,0.0,0.0,1.470,2.180,5.910,702734336.0,925696.0,4654399488.0,1.29873010688e+11,0.0,0.0,0.0,0.0,0.0,0.0,4294963200.0,238.0,444.0,0.0,576.0,290000.0,0.0,0.0,25.0,0.0,0.0,0.0,0.0,0.0,87.0,3.0,0.0,0.0,0.0,2.0,4.0,2.0,2.0,0.0,4.0,13.0,12.0
1406944168.464,02-08 10:49:28,0.0,0.0,100.0,0.0,0.0,0.0,0.0,0.0,0.0,0.0,0.0,0.0,0.0,1.470,2.180,5.910,702734336.0,925696.0,4654399488.0,1.29873010688e+11,0.0,0.0,0.0,0.0,0.0,0.0,4294963200.0,237.0,450.0,0.0,576.0,290000.0,0.0,0.0,25.0,0.0,0.0,0.0,0.0,0.0,87.0,3.0,0.0,0.0,0.0,2.0,4.0,2.0,2.0,0.0,4.0,13.0,15.0
1406944169.464,02-08 10:49:29,0.0,0.0,100.0,0.0,0.0,0.0,0.0,0.0,0.0,0.0,0.0,0.0,0.0,1.470,2.180,5.910,702734336.0,925696.0,4654399488.0,1.29873010688e+11,0.0,0.0,0.0,0.0,0.0,0.0,4294963200.0,238.0,448.0,0.0,576.0,290000.0,0.0,0.0,25.0,0.0,0.0,0.0,0.0,0.0,87.0,3.0,0.0,0.0,0.0,2.0,4.0,2.0,2.0,0.0,4.0,13.0,12.0
1406944170.464,02-08 10:49:30,0.0,0.0,100.0,0.0,0.0,0.0,0.0,4096.0,0.0,0.0,0.0,0.0,0.0,1.470,2.180,5.910,702734336.0,925696.0,4654399488.0,1.29873010688e+11,0.0,0.0,0.0,0.0,1.0,0.0,4294963200.0,244.0,462.0,0.0,576.0,290000.0,0.0,0.0,25.0,0.0,0.0,0.0,0.0,0.0,87.0,3.0,0.0,0.0,0.0,2.0,4.0,2.0,2.0,0.0,4.0,17.0,14.0
1406944171.464,02-08 10:49:31,0.0,0.0,100.0,0.0,0.0,0.0,0.0,0.0,0.0,0.0,0.0,0.0,0.0,1.350,2.140,5.880,702734336.0,925696.0,4654399488.0,1.29873010688e+11,0.0,0.0,0.0,0.0,0.0,0.0,4294963200.0,239.0,451.0,0.0,576.0,290000.0,0.0,0.0,25.0,0.0,0.0,0.0,0.0,0.0,87.0,3.0,0.0,0.0,0.0,2.0,4.0,2.0,2.0,0.0,4.0,12.0,12.0
1406944172.463,02-08 10:49:32,0.167,0.125,99.708,0.0,0.0,0.0,0.0,0.0,0.0,0.0,0.0,0.0,0.0,1.350,2.140,5.880,701931520.0,925696.0,4683771904.0,1.29844441088e+11,1.0,0.0,4.0,0.0,0.0,0.0,4294963200.0,310.0,498.0,0.0,576.0,290013.0,0.0,0.0,26.0,0.0,0.0,0.0,0.0,0.0,87.0,3.0,0.0,0.0,0.0,2.0,4.0,2.0,2.0,0.0,8688.0,7643.0,350.0
1406944173.464,02-08 10:49:33,0.543,0.376,96.575,2.506,0.0,0.0,275857408.0,0.0,0.0,0.0,4211.0,4211.0,4211.0,1.350,2.140,5.880,702599168.0,925696.0,4683771904.0,1.2984377344e+11,0.0,4.0,5.0,67468.0,0.0,0.0,4294963200.0,34250.0,68238.0,0.0,576.0,290018.0,0.0,0.0,26.0,0.0,0.0,0.0,0.0,0.0,87.0,3.0,0.0,0.0,0.0,2.0,4.0,2.0,2.0,0.0,548.0,534.0,347.0
1406944174.464,02-08 10:49:34,0.333,0.834,95.873,2.960,0.0,0.0,321875968.0,0.0,0.0,0.0,4912.0,4912.0,4911.0,1.350,2.140,5.880,702918656.0,925696.0,4683722752.0,1.29843503104e+11,0.0,4.0,0.0,78585.0,0.0,0.0,4294963200.0,39719.0,79274.0,0.0,576.0,290018.0,0.0,0.0,26.0,0.0,0.0,0.0,0.0,0.0,87.0,3.0,0.0,0.0,0.0,2.0,4.0,2.0,2.0,0.0,8.0,25.0,25.0
1406944175.464,02-08 10:49:35,0.167,0.836,96.070,2.926,0.0,0.0,321884160.0,0.0,0.0,0.0,4911.0,4911.0,4912.0,1.350,2.140,5.880,702918656.0,925696.0,4683722752.0,1.29843503104e+11,0.0,4.0,0.0,78582.0,0.0,0.0,4294963200.0,39706.0,79268.0,0.0,576.0,290018.0,0.0,0.0,26.0,0.0,0.0,0.0,0.0,0.0,87.0,3.0,0.0,0.0,0.0,2.0,4.0,2.0,2.0,0.0,8.0,24.0,24.0
1406944176.464,02-08 10:49:36,0.251,0.503,96.315,2.931,0.0,0.0,321634304.0,0.0,0.0,0.0,4908.0,4908.0,4908.0,1.570,2.170,5.870,702853120.0,925696.0,4683722752.0,1.2984356864e+11,0.0,4.0,0.0,78525.0,0.0,0.0,4294963200.0,39681.0,79199.0,0.0,576.0,290018.0,0.0,0.0,26.0,0.0,0.0,0.0,0.0,0.0,87.0,3.0,0.0,0.0,0.0,2.0,4.0,2.0,2.0,0.0,8.0,24.0,38.0
1406944177.464,02-08 10:49:37,0.376,0.543,96.112,2.968,0.0,0.0,321921024.0,0.0,0.0,0.0,4912.0,4912.0,4912.0,1.570,2.170,5.870,702853120.0,925696.0,4683722752.0,1.2984356864e+11,0.0,4.0,0.0,78596.0,0.0,0.0,4294963200.0,39717.0,79280.0,0.0,576.0,290018.0,0.0,0.0,26.0,0.0,0.0,0.0,0.0,0.0,87.0,3.0,0.0,0.0,0.0,2.0,4.0,2.0,2.0,0.0,8.0,25.0,25.0
1406944178.464,02-08 10:49:38,0.334,0.668,96.074,2.924,0.0,0.0,321609728.0,0.0,0.0,0.0,4908.0,4907.0,4907.0,1.570,2.170,5.870,702853120.0,925696.0,4683722752.0,1.2984356864e+11,1.0,3.0,0.0,78520.0,0.0,0.0,4294963200.0,39683.0,79202.0,0.0,576.0,290018.0,0.0,0.0,26.0,0.0,0.0,0.0,0.0,0.0,87.0,3.0,0.0,0.0,0.0,2.0,4.0,2.0,2.0,0.0,8.0,24.0,24.0
1406944179.464,02-08 10:49:39,0.126,0.545,96.396,2.934,0.0,0.0,321789952.0,0.0,0.0,0.0,4910.0,4910.0,4910.0,1.570,2.170,5.870,702849024.0,925696.0,4683726848.0,1.2984356864e+11,0.0,4.0,0.0,78557.0,0.0,0.0,4294963200.0,39686.0,79228.0,0.0,576.0,290018.0,0.0,0.0,26.0,0.0,0.0,0.0,0.0,0.0,87.0,3.0,0.0,0.0,0.0,2.0,4.0,2.0,2.0,0.0,8.0,26.0,25.0
1406944180.464,02-08 10:49:40,0.376,0.627,96.072,2.925,0.0,0.0,321773568.0,0.0,0.0,0.0,4909.0,4910.0,4910.0,1.570,2.170,5.870,702849024.0,925696.0,4683726848.0,1.2984356864e+11,0.0,4.0,0.0,78561.0,0.0,0.0,4294963200.0,39681.0,79226.0,0.0,576.0,290018.0,0.0,0.0,26.0,0.0,0.0,0.0,0.0,0.0,87.0,3.0,0.0,0.0,0.0,2.0,4.0,2.0,2.0,0.0,8.0,24.0,43.0
1406944181.464,02-08 10:49:41,0.335,0.502,96.194,2.969,0.0,0.0,322023424.0,0.0,0.0,0.0,4914.0,4914.0,4914.0,1.760,2.200,5.860,702849024.0,925696.0,4683726848.0,1.2984356864e+11,0.0,4.0,0.0,78618.0,0.0,0.0,4294963200.0,39732.0,79299.0,0.0,576.0,290018.0,0.0,0.0,26.0,0.0,0.0,0.0,0.0,0.0,87.0,3.0,0.0,0.0,0.0,2.0,4.0,2.0,2.0,0.0,8.0,25.0,25.0
1406944182.464,02-08 10:49:42,0.251,0.461,96.354,2.934,0.0,0.0,322097152.0,0.0,0.0,0.0,4915.0,4915.0,4915.0,1.760,2.200,5.860,702849024.0,925696.0,4683726848.0,1.2984356864e+11,0.0,4.0,0.0,78634.0,0.0,0.0,4294963200.0,39735.0,79310.0,0.0,576.0,290018.0,0.0,0.0,26.0,0.0,0.0,0.0,0.0,0.0,87.0,3.0,0.0,0.0,0.0,2.0,4.0,2.0,2.0,0.0,8.0,25.0,24.0
1406944183.464,02-08 10:49:43,0.251,0.586,96.233,2.930,0.0,0.0,321347584.0,0.0,0.0,0.0,4903.0,4903.0,4903.0,1.760,2.200,5.860,702849024.0,925696.0,4683726848.0,1.2984356864e+11,1.0,3.0,0.0,78458.0,0.0,0.0,4294963200.0,39637.0,79134.0,0.0,576.0,290018.0,0.0,0.0,26.0,0.0,0.0,0.0,0.0,0.0,87.0,3.0,0.0,0.0,0.0,2.0,4.0,2.0,2.0,0.0,8.0,25.0,25.0
1406944184.464,02-08 10:49:44,0.334,0.669,96.030,2.967,0.0,0.0,321495040.0,0.0,0.0,0.0,4906.0,4906.0,4906.0,1.760,2.200,5.860,702849024.0,925696.0,4683726848.0,1.2984356864e+11,1.0,4.0,0.0,78489.0,0.0,0.0,4294963200.0,39668.0,79174.0,0.0,576.0,290018.0,0.0,0.0,26.0,0.0,0.0,0.0,0.0,0.0,87.0,3.0,0.0,0.0,0.0,2.0,4.0,2.0,2.0,0.0,8.0,24.0,28.0
1406944185.464,02-08 10:49:45,0.209,0.586,96.273,2.931,0.0,0.0,321867776.0,0.0,0.0,0.0,4911.0,4911.0,4911.0,1.760,2.200,5.860,702849024.0,925696.0,4683726848.0,1.2984356864e+11,0.0,4.0,0.0,78580.0,0.0,0.0,4294963200.0,39693.0,79247.0,0.0,576.0,290018.0,0.0,0.0,26.0,0.0,0.0,0.0,0.0,0.0,87.0,3.0,0.0,0.0,0.0,2.0,4.0,2.0,2.0,0.0,8.0,24.0,24.0
1406944186.464,02-08 10:49:46,0.334,0.752,95.992,2.923,0.0,0.0,322015232.0,0.0,0.0,0.0,4914.0,4914.0,4914.0,1.940,2.230,5.850,702849024.0,925696.0,4683726848.0,1.2984356864e+11,1.0,3.0,0.0,78616.0,0.0,0.0,4294963200.0,39719.0,79279.0,0.0,576.0,290018.0,0.0,0.0,26.0,0.0,0.0,0.0,0.0,0.0,87.0,3.0,0.0,0.0,0.0,2.0,4.0,2.0,2.0,0.0,8.0,25.0,25.0
1406944187.464,02-08 10:49:47,0.209,0.586,96.233,2.972,0.0,0.0,321454080.0,0.0,0.0,0.0,4905.0,4905.0,4905.0,1.940,2.230,5.850,702849024.0,925696.0,4683726848.0,1.2984356864e+11,0.0,4.0,0.0,78484.0,0.0,0.0,4294963200.0,39670.0,79178.0,0.0,576.0,290018.0,0.0,0.0,26.0,0.0,0.0,0.0,0.0,0.0,87.0,3.0,0.0,0.0,0.0,2.0,4.0,2.0,2.0,0.0,8.0,24.0,24.0
1406944188.464,02-08 10:49:48,0.334,0.793,95.953,2.920,0.0,0.0,321859584.0,0.0,0.0,0.0,4911.0,4911.0,4911.0,1.940,2.230,5.850,702849024.0,925696.0,4683726848.0,1.2984356864e+11,0.0,4.0,0.0,78573.0,0.0,0.0,4294963200.0,39711.0,79258.0,0.0,576.0,290018.0,0.0,0.0,26.0,0.0,0.0,0.0,0.0,0.0,87.0,3.0,0.0,0.0,0.0,2.0,4.0,2.0,2.0,0.0,8.0,25.0,26.0
1406944189.464,02-08 10:49:49,0.460,0.335,96.275,2.930,0.0,0.0,321155072.0,0.0,0.0,0.0,4900.0,4900.0,4900.0,1.940,2.230,5.850,702849024.0,925696.0,4683726848.0,1.2984356864e+11,0.0,4.0,0.0,78411.0,0.0,0.0,4294963200.0,39621.0,79086.0,0.0,576.0,290018.0,0.0,0.0,26.0,0.0,0.0,0.0,0.0,0.0,87.0,3.0,0.0,0.0,0.0,2.0,4.0,2.0,2.0,0.0,8.0,25.0,24.0
1406944190.464,02-08 10:49:50,0.251,0.586,96.231,2.931,0.0,0.0,321511424.0,4096.0,0.0,0.0,4906.0,4906.0,4906.0,1.940,2.230,5.850,702849024.0,925696.0,4683726848.0,1.2984356864e+11,0.0,4.0,0.0,78489.0,1.0,0.0,4294963200.0,39687.0,79186.0,0.0,576.0,290018.0,0.0,0.0,26.0,0.0,0.0,0.0,0.0,0.0,87.0,3.0,0.0,0.0,0.0,2.0,4.0,2.0,2.0,0.0,8.0,29.0,26.0
1406944191.464,02-08 10:49:51,0.376,0.585,96.074,2.966,0.0,0.0,320438272.0,0.0,0.0,0.0,4890.0,4889.0,4889.0,2.110,2.260,5.840,702844928.0,925696.0,4683730944.0,1.2984356864e+11,0.0,4.0,0.0,78234.0,0.0,0.0,4294963200.0,39539.0,78915.0,0.0,576.0,290018.0,0.0,0.0,26.0,0.0,0.0,0.0,0.0,0.0,87.0,3.0,0.0,0.0,0.0,2.0,4.0,2.0,2.0,0.0,8.0,25.0,24.0
1406944192.464,02-08 10:49:52,0.294,0.335,96.394,2.977,0.0,0.0,321478656.0,0.0,0.0,0.0,4905.0,4906.0,4906.0,2.110,2.260,5.840,702844928.0,925696.0,4683730944.0,1.2984356864e+11,0.0,4.0,0.0,78491.0,0.0,0.0,4294963200.0,40293.0,79169.0,0.0,576.0,290018.0,0.0,0.0,26.0,0.0,0.0,0.0,0.0,0.0,87.0,3.0,0.0,0.0,0.0,2.0,4.0,2.0,2.0,0.0,8.0,25.0,26.0
1406944193.464,02-08 10:49:53,0.293,0.586,96.194,2.928,0.0,0.0,321593344.0,0.0,0.0,0.0,4908.0,4907.0,4907.0,2.110,2.260,5.840,702844928.0,925696.0,4683730944.0,1.2984356864e+11,0.0,4.0,0.0,78515.0,0.0,0.0,4294963200.0,43243.0,79195.0,0.0,576.0,290018.0,0.0,0.0,26.0,0.0,0.0,0.0,0.0,0.0,87.0,3.0,0.0,0.0,0.0,2.0,4.0,2.0,2.0,0.0,8.0,24.0,24.0
1406944194.464,02-08 10:49:54,0.126,0.378,96.558,2.939,0.0,0.0,321282048.0,0.0,0.0,0.0,4902.0,4903.0,4902.0,2.110,2.260,5.840,702844928.0,925696.0,4683730944.0,1.2984356864e+11,0.0,4.0,0.0,78436.0,0.0,0.0,4294963200.0,42014.0,79122.0,0.0,576.0,290018.0,0.0,0.0,26.0,0.0,0.0,0.0,0.0,0.0,87.0,3.0,0.0,0.0,0.0,2.0,4.0,2.0,2.0,0.0,8.0,24.0,24.0
1406944195.464,02-08 10:49:55,0.376,0.627,96.070,2.926,0.0,0.0,319586304.0,0.0,0.0,0.0,4876.0,4876.0,4877.0,2.110,2.260,5.840,702844928.0,925696.0,4683730944.0,1.2984356864e+11,0.0,4.0,0.0,78016.0,0.0,0.0,4294963200.0,39433.0,78698.0,0.0,576.0,290018.0,0.0,0.0,26.0,0.0,0.0,0.0,0.0,0.0,87.0,3.0,0.0,0.0,0.0,2.0,4.0,2.0,2.0,0.0,8.0,25.0,25.0
1406944196.464,02-08 10:49:56,0.167,0.628,96.234,2.971,0.0,0.0,319315968.0,0.0,0.0,0.0,4873.0,4872.0,4872.0,2.260,2.290,5.830,702844928.0,925696.0,4683730944.0,1.2984356864e+11,0.0,4.0,0.0,77966.0,0.0,0.0,4294963200.0,39409.0,78657.0,0.0,576.0,290018.0,0.0,0.0,26.0,0.0,0.0,0.0,0.0,0.0,87.0,3.0,0.0,0.0,0.0,2.0,4.0,2.0,2.0,0.0,8.0,24.0,25.0
1406944197.464,02-08 10:49:57,0.419,0.377,96.233,2.972,0.0,0.0,321544192.0,0.0,0.0,0.0,4906.0,4907.0,4907.0,2.260,2.290,5.830,702844928.0,925696.0,4683730944.0,1.2984356864e+11,0.0,4.0,0.0,78502.0,0.0,0.0,4294963200.0,39684.0,79202.0,0.0,576.0,290018.0,0.0,0.0,26.0,0.0,0.0,0.0,0.0,0.0,87.0,3.0,0.0,0.0,0.0,2.0,4.0,2.0,2.0,0.0,8.0,25.0,25.0
1406944198.464,02-08 10:49:58,0.334,0.710,96.030,2.925,0.0,0.0,318427136.0,0.0,0.0,0.0,4859.0,4859.0,4858.0,2.260,2.290,5.830,702844928.0,925696.0,4683730944.0,1.2984356864e+11,0.0,4.0,0.0,77740.0,0.0,0.0,4294963200.0,39306.0,78422.0,0.0,576.0,290018.0,0.0,0.0,26.0,0.0,0.0,0.0,0.0,0.0,87.0,3.0,0.0,0.0,0.0,2.0,4.0,2.0,2.0,0.0,8.0,24.0,24.0
1406944199.464,02-08 10:49:59,0.042,0.503,96.816,2.639,0.0,0.0,281096192.0,0.0,0.0,0.0,4287.0,4287.0,4288.0,2.260,2.290,5.830,702717952.0,925696.0,4683730944.0,1.29843695616e+11,0.0,0.0,0.0,68506.0,0.0,0.0,4294963200.0,34666.0,69166.0,0.0,576.0,290018.0,0.0,0.0,26.0,0.0,0.0,0.0,0.0,0.0,87.0,3.0,0.0,0.0,0.0,2.0,4.0,2.0,2.0,0.0,82.0,40.0,190.0
1406944200.464,02-08 10:50:00,0.0,0.0,100.0,0.0,0.0,0.0,0.0,0.0,0.0,0.0,0.0,0.0,0.0,2.260,2.290,5.830,703610880.0,925696.0,4654411776.0,1.29872121856e+11,0.0,0.0,3.0,0.0,0.0,0.0,4294963200.0,324.0,508.0,0.0,576.0,290001.0,0.0,0.0,25.0,0.0,0.0,0.0,0.0,0.0,87.0,3.0,0.0,0.0,0.0,2.0,4.0,2.0,2.0,0.0,943.0,306.0,7629.0
1406944201.464,02-08 10:50:01,0.0,0.0,100.0,0.0,0.0,0.0,0.0,1552384.0,0.0,0.0,0.0,0.0,0.0,2.080,2.250,5.800,703643648.0,925696.0,4654256128.0,1.29872244736e+11,0.0,0.0,0.0,0.0,15.0,0.0,4294963200.0,290.0,504.0,0.0,576.0,290001.0,0.0,0.0,25.0,0.0,0.0,0.0,0.0,0.0,87.0,3.0,0.0,0.0,0.0,2.0,4.0,2.0,2.0,0.0,4.0,240.0,205.0
1406944202.464,02-08 10:50:02,0.042,0.0,99.958,0.0,0.0,0.0,0.0,0.0,0.0,0.0,0.0,0.0,0.0,2.080,2.250,5.800,703426560.0,925696.0,4654411776.0,1.29872306176e+11,0.0,0.0,0.0,0.0,0.0,0.0,4294963200.0,232.0,438.0,0.0,576.0,290001.0,0.0,0.0,25.0,0.0,0.0,0.0,0.0,0.0,87.0,3.0,0.0,0.0,0.0,2.0,4.0,2.0,2.0,0.0,4.0,12.0,12.0
1406944203.464,02-08 10:50:03,0.0,0.0,100.0,0.0,0.0,0.0,0.0,0.0,0.0,0.0,0.0,0.0,0.0,2.080,2.250,5.800,703426560.0,925696.0,4654411776.0,1.29872306176e+11,0.0,0.0,0.0,0.0,0.0,0.0,4294963200.0,228.0,436.0,0.0,576.0,290001.0,0.0,0.0,25.0,0.0,0.0,0.0,0.0,0.0,87.0,3.0,0.0,0.0,0.0,2.0,4.0,2.0,2.0,0.0,4.0,12.0,12.0
1406944204.464,02-08 10:50:04,0.0,0.0,100.0,0.0,0.0,0.0,0.0,0.0,0.0,0.0,0.0,0.0,0.0,2.080,2.250,5.800,703426560.0,925696.0,4654411776.0,1.29872306176e+11,0.0,0.0,0.0,0.0,0.0,0.0,4294963200.0,238.0,450.0,0.0,576.0,290001.0,0.0,0.0,25.0,0.0,0.0,0.0,0.0,0.0,87.0,3.0,0.0,0.0,0.0,2.0,4.0,2.0,2.0,0.0,4.0,14.0,20.0
1406944205.464,02-08 10:50:05,0.0,0.0,100.0,0.0,0.0,0.0,0.0,0.0,0.0,0.0,0.0,0.0,0.0,2.080,2.250,5.800,703426560.0,925696.0,4654411776.0,1.29872306176e+11,0.0,0.0,0.0,0.0,0.0,0.0,4294963200.0,241.0,454.0,0.0,576.0,290001.0,0.0,0.0,25.0,0.0,0.0,0.0,0.0,0.0,87.0,3.0,0.0,0.0,0.0,2.0,4.0,2.0,2.0,0.0,4.0,15.0,13.0
1406944206.464,02-08 10:50:06,0.0,0.0,99.958,0.042,0.0,0.0,0.0,0.0,0.0,0.0,0.0,0.0,0.0,1.910,2.220,5.770,703422464.0,925696.0,4654415872.0,1.29872306176e+11,0.0,0.0,0.0,0.0,0.0,0.0,4294963200.0,239.0,449.0,0.0,576.0,290001.0,0.0,0.0,25.0,0.0,0.0,0.0,0.0,0.0,87.0,3.0,0.0,0.0,0.0,2.0,4.0,2.0,2.0,0.0,4.0,13.0,13.0
1406944207.464,02-08 10:50:07,0.0,0.0,100.0,0.0,0.0,0.0,0.0,0.0,0.0,0.0,0.0,0.0,0.0,1.910,2.220,5.770,703422464.0,925696.0,4654415872.0,1.29872306176e+11,0.0,0.0,0.0,0.0,0.0,0.0,4294963200.0,238.0,450.0,0.0,576.0,290001.0,0.0,0.0,25.0,0.0,0.0,0.0,0.0,0.0,87.0,3.0,0.0,0.0,0.0,2.0,4.0,2.0,2.0,0.0,4.0,12.0,12.0
1406944208.464,02-08 10:50:08,0.0,0.0,100.0,0.0,0.0,0.0,0.0,0.0,0.0,0.0,0.0,0.0,0.0,1.910,2.220,5.770,703414272.0,925696.0,4654415872.0,1.29872314368e+11,0.0,0.0,0.0,0.0,0.0,0.0,4294963200.0,241.0,452.0,0.0,576.0,290001.0,0.0,0.0,25.0,0.0,0.0,0.0,0.0,0.0,87.0,3.0,0.0,0.0,0.0,2.0,4.0,2.0,2.0,0.0,4.0,13.0,40.0
1406944209.464,02-08 10:50:09,0.0,0.0,100.0,0.0,0.0,0.0,0.0,0.0,0.0,0.0,0.0,0.0,0.0,1.910,2.220,5.770,703414272.0,925696.0,4654415872.0,1.29872314368e+11,0.0,0.0,0.0,0.0,0.0,0.0,4294963200.0,233.0,446.0,0.0,576.0,290001.0,0.0,0.0,25.0,0.0,0.0,0.0,0.0,0.0,87.0,3.0,0.0,0.0,0.0,2.0,4.0,2.0,2.0,0.0,4.0,12.0,12.0
1406944210.464,02-08 10:50:10,0.0,0.0,100.0,0.0,0.0,0.0,0.0,0.0,0.0,0.0,0.0,0.0,0.0,1.910,2.220,5.770,703414272.0,925696.0,4654415872.0,1.29872314368e+11,0.0,0.0,0.0,0.0,0.0,0.0,4294963200.0,240.0,456.0,0.0,576.0,290001.0,0.0,0.0,25.0,0.0,0.0,0.0,0.0,0.0,87.0,3.0,0.0,0.0,0.0,2.0,4.0,2.0,2.0,0.0,4.0,13.0,13.0
1406944211.464,02-08 10:50:11,0.0,0.0,100.0,0.0,0.0,0.0,0.0,0.0,0.0,0.0,0.0,0.0,0.0,1.760,2.180,5.740,703414272.0,925696.0,4654415872.0,1.29872314368e+11,0.0,0.0,0.0,0.0,0.0,0.0,4294963200.0,234.0,444.0,0.0,576.0,290001.0,0.0,0.0,25.0,0.0,0.0,0.0,0.0,0.0,87.0,3.0,0.0,0.0,0.0,2.0,4.0,2.0,2.0,0.0,4.0,12.0,12.0
1406944212.464,02-08 10:50:12,0.0,0.0,100.0,0.0,0.0,0.0,0.0,0.0,0.0,0.0,0.0,0.0,0.0,1.760,2.180,5.740,703414272.0,925696.0,4654415872.0,1.29872314368e+11,0.0,0.0,0.0,0.0,0.0,0.0,4294963200.0,240.0,446.0,0.0,576.0,290001.0,0.0,0.0,25.0,0.0,0.0,0.0,0.0,0.0,87.0,3.0,0.0,0.0,0.0,2.0,4.0,2.0,2.0,0.0,4.0,14.0,13.0
1406944213.464,02-08 10:50:13,0.0,0.0,100.0,0.0,0.0,0.0,0.0,0.0,0.0,0.0,0.0,0.0,0.0,1.760,2.180,5.740,703414272.0,925696.0,4654415872.0,1.29872314368e+11,0.0,0.0,0.0,0.0,0.0,0.0,4294963200.0,232.0,444.0,0.0,576.0,290001.0,0.0,0.0,25.0,0.0,0.0,0.0,0.0,0.0,87.0,3.0,0.0,0.0,0.0,2.0,4.0,2.0,2.0,0.0,4.0,12.0,27.0
1406944214.464,02-08 10:50:14,0.0,0.0,100.0,0.0,0.0,0.0,0.0,0.0,0.0,0.0,0.0,0.0,0.0,1.760,2.180,5.740,703414272.0,925696.0,4654415872.0,1.29872314368e+11,0.0,0.0,0.0,0.0,0.0,0.0,4294963200.0,236.0,444.0,0.0,576.0,290001.0,0.0,0.0,25.0,0.0,0.0,0.0,0.0,0.0,87.0,3.0,0.0,0.0,0.0,2.0,4.0,2.0,2.0,0.0,4.0,12.0,12.0
