"Dstat 0.7.2 CSV output"
"Author:","Dag Wieers <dag@wieers.com>",,,,"URL:","http://dag.wieers.com/home-made/dstat/"
"Host:","Gottfried",,,,"User:","root"
"Cmdline:","dstat --epoch --time --cpu --disk --page --int --load --mem --proc --io --swap --sys --aio --fs --ipc --lock --raw --socket --unix --vm --output /root/ImpressionOfES3000/02_benchmark_fio/executed.Gottfried.20140801_202540.18486/dstat.job.hioa1.xfs.sync.read.bs2k.j4.depth1.csv",,,,"Date:","02 Aug 2014 09:59:42 JST"

"epoch","system","total cpu usage",,,,,,"dsk/total",,"paging",,"interrupts",,,"load avg",,,"memory usage",,,,"procs",,,"io/total",,"swap",,"system",,"async","filesystem",,"sysv ipc",,,"file locks",,,,"raw","sockets",,,,,"unix sockets",,,,"virtual memory",,,
"epoch","time","usr","sys","idl","wai","hiq","siq","read","writ","in","out","141","142","143","1m","5m","15m","used","buff","cach","free","run","blk","new","read","writ","used","free","int","csw","#aio","files","inodes","msg","sem","shm","pos","lck","rea","wri","raw","tot","tcp","udp","raw","frg","dgm","str","lis","act","majpf","minpf","alloc","free"
1406941182.010,02-08 09:59:42,0.049,0.172,99.426,0.337,0.000,0.015,6394365.843,5823626.395,0.0,0.0,481.588,481.587,481.587,1.120,2.590,9.990,703295488.0,925696.0,4653113344.0,1.2987373568e+11,0.0,0.0,0.266,2452.500,2016.011,0.0,4294963200.0,4482.785,15085.078,0.0,576.0,289916.0,0.0,0.0,25.0,0.0,0.0,0.0,0.0,0.0,87.0,3.0,0.0,0.0,0.0,2.0,4.0,2.0,2.0,0.001,484.698,94.926,107.864
1406941183.011,02-08 09:59:43,0.042,0.0,99.958,0.0,0.0,0.0,0.0,0.0,0.0,0.0,0.0,0.0,0.0,1.120,2.590,9.990,702869504.0,925696.0,4653113344.0,1.29874161664e+11,0.0,0.0,0.0,0.0,0.0,0.0,4294963200.0,290.0,449.0,0.0,576.0,289920.0,0.0,0.0,25.0,0.0,0.0,0.0,0.0,0.0,87.0,3.0,0.0,0.0,0.0,2.0,4.0,2.0,2.0,0.0,8.0,16.0,12.0
1406941184.011,02-08 09:59:44,0.042,0.0,99.958,0.0,0.0,0.0,0.0,0.0,0.0,0.0,0.0,0.0,0.0,1.120,2.590,9.990,702869504.0,925696.0,4653113344.0,1.29874161664e+11,0.0,0.0,0.0,0.0,0.0,0.0,4294963200.0,238.0,450.0,0.0,576.0,289920.0,0.0,0.0,25.0,0.0,0.0,0.0,0.0,0.0,87.0,3.0,0.0,0.0,0.0,2.0,4.0,2.0,2.0,0.0,4.0,13.0,13.0
1406941185.011,02-08 09:59:45,0.042,0.0,99.958,0.0,0.0,0.0,0.0,0.0,0.0,0.0,0.0,0.0,0.0,1.030,2.550,9.940,702631936.0,925696.0,4653117440.0,1.29874395136e+11,0.0,0.0,0.0,0.0,0.0,0.0,4294963200.0,233.0,446.0,0.0,576.0,289920.0,0.0,0.0,25.0,0.0,0.0,0.0,0.0,0.0,87.0,3.0,0.0,0.0,0.0,2.0,4.0,2.0,2.0,0.0,4.0,12.0,12.0
1406941186.011,02-08 09:59:46,0.042,0.0,99.958,0.0,0.0,0.0,0.0,0.0,0.0,0.0,0.0,0.0,0.0,1.030,2.550,9.940,702631936.0,925696.0,4653117440.0,1.29874395136e+11,0.0,0.0,0.0,0.0,0.0,0.0,4294963200.0,236.0,449.0,0.0,576.0,289920.0,0.0,0.0,25.0,0.0,0.0,0.0,0.0,0.0,87.0,3.0,0.0,0.0,0.0,2.0,4.0,2.0,2.0,0.0,4.0,12.0,14.0
1406941187.011,02-08 09:59:47,0.042,0.0,99.917,0.042,0.0,0.0,0.0,0.0,0.0,0.0,0.0,0.0,0.0,1.030,2.550,9.940,702631936.0,925696.0,4653117440.0,1.29874395136e+11,0.0,0.0,0.0,0.0,0.0,0.0,4294963200.0,239.0,452.0,0.0,576.0,289920.0,0.0,0.0,25.0,0.0,0.0,0.0,0.0,0.0,87.0,3.0,0.0,0.0,0.0,2.0,4.0,2.0,2.0,0.0,4.0,13.0,13.0
1406941188.011,02-08 09:59:48,0.042,0.0,99.958,0.0,0.0,0.0,0.0,0.0,0.0,0.0,0.0,0.0,0.0,1.030,2.550,9.940,702631936.0,925696.0,4653117440.0,1.29874395136e+11,0.0,0.0,0.0,0.0,0.0,0.0,4294963200.0,235.0,446.0,0.0,576.0,289920.0,0.0,0.0,25.0,0.0,0.0,0.0,0.0,0.0,87.0,3.0,0.0,0.0,0.0,2.0,4.0,2.0,2.0,0.0,4.0,12.0,12.0
1406941189.011,02-08 09:59:49,0.042,0.0,99.958,0.0,0.0,0.0,0.0,0.0,0.0,0.0,0.0,0.0,0.0,1.030,2.550,9.940,702631936.0,925696.0,4653117440.0,1.29874395136e+11,0.0,0.0,0.0,0.0,0.0,0.0,4294963200.0,255.0,468.0,0.0,576.0,289920.0,0.0,0.0,25.0,0.0,0.0,0.0,0.0,0.0,87.0,3.0,0.0,0.0,0.0,2.0,4.0,2.0,2.0,0.0,4.0,13.0,17.0
1406941190.011,02-08 09:59:50,0.042,0.0,99.958,0.0,0.0,0.0,0.0,0.0,0.0,0.0,0.0,0.0,0.0,0.940,2.510,9.880,702423040.0,925696.0,4653117440.0,1.29874604032e+11,0.0,0.0,0.0,0.0,0.0,0.0,4294963200.0,237.0,446.0,0.0,576.0,289920.0,0.0,0.0,25.0,0.0,0.0,0.0,0.0,0.0,87.0,3.0,0.0,0.0,0.0,2.0,4.0,2.0,2.0,0.0,4.0,13.0,48.0
1406941191.011,02-08 09:59:51,0.042,0.0,99.958,0.0,0.0,0.0,0.0,0.0,0.0,0.0,0.0,0.0,0.0,0.940,2.510,9.880,702423040.0,925696.0,4653117440.0,1.29874604032e+11,0.0,0.0,0.0,0.0,0.0,0.0,4294963200.0,236.0,449.0,0.0,576.0,289920.0,0.0,0.0,25.0,0.0,0.0,0.0,0.0,0.0,87.0,3.0,0.0,0.0,0.0,2.0,4.0,2.0,2.0,0.0,4.0,13.0,13.0
1406941192.011,02-08 09:59:52,0.042,0.0,99.958,0.0,0.0,0.0,0.0,0.0,0.0,0.0,0.0,0.0,0.0,0.940,2.510,9.880,702423040.0,925696.0,4653117440.0,1.29874604032e+11,0.0,0.0,0.0,0.0,0.0,0.0,4294963200.0,235.0,444.0,0.0,576.0,289920.0,0.0,0.0,25.0,0.0,0.0,0.0,0.0,0.0,87.0,3.0,0.0,0.0,0.0,2.0,4.0,2.0,2.0,0.0,4.0,13.0,12.0
1406941193.011,02-08 09:59:53,0.042,0.0,99.958,0.0,0.0,0.0,0.0,0.0,0.0,0.0,0.0,0.0,0.0,0.940,2.510,9.880,702418944.0,925696.0,4653121536.0,1.29874604032e+11,0.0,0.0,0.0,0.0,0.0,0.0,4294963200.0,238.0,448.0,0.0,576.0,289920.0,0.0,0.0,25.0,0.0,0.0,0.0,0.0,0.0,87.0,3.0,0.0,0.0,0.0,2.0,4.0,2.0,2.0,0.0,4.0,13.0,13.0
1406941194.011,02-08 09:59:54,0.042,0.0,99.958,0.0,0.0,0.0,0.0,0.0,0.0,0.0,0.0,0.0,0.0,0.940,2.510,9.880,702418944.0,925696.0,4653121536.0,1.29874604032e+11,0.0,0.0,0.0,0.0,0.0,0.0,4294963200.0,235.0,444.0,0.0,576.0,289920.0,0.0,0.0,25.0,0.0,0.0,0.0,0.0,0.0,87.0,3.0,0.0,0.0,0.0,2.0,4.0,2.0,2.0,0.0,4.0,12.0,17.0
1406941195.011,02-08 09:59:55,0.042,0.0,99.958,0.0,0.0,0.0,0.0,0.0,0.0,0.0,0.0,0.0,0.0,0.870,2.460,9.830,702418944.0,925696.0,4653121536.0,1.29874604032e+11,0.0,0.0,0.0,0.0,0.0,0.0,4294963200.0,233.0,448.0,0.0,576.0,289920.0,0.0,0.0,25.0,0.0,0.0,0.0,0.0,0.0,87.0,3.0,0.0,0.0,0.0,2.0,4.0,2.0,2.0,0.0,4.0,12.0,12.0
1406941196.011,02-08 09:59:56,0.042,0.0,99.917,0.042,0.0,0.0,0.0,0.0,0.0,0.0,0.0,0.0,0.0,0.870,2.460,9.830,702418944.0,925696.0,4653121536.0,1.29874604032e+11,0.0,0.0,0.0,0.0,0.0,0.0,4294963200.0,238.0,452.0,0.0,576.0,289920.0,0.0,0.0,25.0,0.0,0.0,0.0,0.0,0.0,87.0,3.0,0.0,0.0,0.0,2.0,4.0,2.0,2.0,0.0,4.0,13.0,13.0
1406941197.011,02-08 09:59:57,0.125,0.125,99.750,0.0,0.0,0.0,0.0,0.0,0.0,0.0,0.0,0.0,0.0,0.870,2.460,9.830,701431808.0,925696.0,4682424320.0,1.29846288384e+11,1.0,0.0,4.0,0.0,0.0,0.0,4294963200.0,309.0,497.0,0.0,576.0,289933.0,0.0,0.0,26.0,0.0,0.0,0.0,0.0,0.0,87.0,3.0,0.0,0.0,0.0,2.0,4.0,2.0,2.0,0.0,8674.0,7634.0,329.0
1406941198.011,02-08 09:59:58,0.502,0.418,96.570,2.509,0.0,0.0,138350592.0,0.0,0.0,0.0,4224.0,4224.0,4224.0,0.870,2.460,9.830,702603264.0,925696.0,4682444800.0,1.29845096448e+11,0.0,4.0,5.0,67692.0,0.0,0.0,4294963200.0,34380.0,68488.0,0.0,576.0,289938.0,0.0,0.0,26.0,0.0,0.0,0.0,0.0,0.0,87.0,3.0,0.0,0.0,0.0,2.0,4.0,2.0,2.0,0.0,540.0,528.0,357.0
1406941199.011,02-08 09:59:59,0.251,0.669,96.192,2.887,0.0,0.0,164024320.0,0.0,0.0,0.0,5006.0,5006.0,5006.0,0.870,2.460,9.830,702603264.0,925696.0,4682444800.0,1.29845096448e+11,1.0,4.0,0.0,80086.0,0.0,0.0,4294963200.0,40494.0,80755.0,0.0,576.0,289938.0,0.0,0.0,26.0,0.0,0.0,0.0,0.0,0.0,87.0,3.0,0.0,0.0,0.0,2.0,4.0,2.0,2.0,0.0,8.0,24.0,24.0
1406941200.011,02-08 10:00:00,0.251,0.627,96.194,2.928,0.0,0.0,163979264.0,8192.0,0.0,0.0,5004.0,5004.0,5004.0,1.120,2.490,9.800,702730240.0,925696.0,4682444800.0,1.29844969472e+11,0.0,4.0,0.0,80050.0,1.0,0.0,4294963200.0,40492.0,80741.0,0.0,576.0,289938.0,0.0,0.0,26.0,0.0,0.0,0.0,0.0,0.0,87.0,3.0,0.0,0.0,0.0,2.0,4.0,2.0,2.0,0.0,8.0,29.0,31.0
1406941201.011,02-08 10:00:01,0.376,0.460,96.194,2.969,0.0,0.0,163115008.0,0.0,0.0,0.0,4978.0,4978.0,4978.0,1.120,2.490,9.800,702730240.0,925696.0,4682444800.0,1.29844969472e+11,0.0,4.0,0.0,79664.0,0.0,0.0,4294963200.0,40264.0,80343.0,0.0,576.0,289938.0,0.0,0.0,26.0,0.0,0.0,0.0,0.0,0.0,87.0,3.0,0.0,0.0,0.0,2.0,4.0,2.0,2.0,0.0,8.0,24.0,24.0
1406941202.011,02-08 10:00:02,0.251,0.628,96.233,2.888,0.0,0.0,164646912.0,0.0,0.0,0.0,5024.0,5024.0,5024.0,1.120,2.490,9.800,702730240.0,925696.0,4682444800.0,1.29844969472e+11,1.0,4.0,0.0,80398.0,0.0,0.0,4294963200.0,40650.0,81078.0,0.0,576.0,289938.0,0.0,0.0,26.0,0.0,0.0,0.0,0.0,0.0,87.0,3.0,0.0,0.0,0.0,2.0,4.0,2.0,2.0,0.0,8.0,25.0,31.0
1406941203.011,02-08 10:00:03,0.293,0.377,96.354,2.976,0.0,0.0,163559424.0,0.0,0.0,0.0,4992.0,4992.0,4991.0,1.120,2.490,9.800,702730240.0,925696.0,4682444800.0,1.29844969472e+11,0.0,4.0,0.0,79843.0,0.0,0.0,4294963200.0,40345.0,80498.0,0.0,576.0,289938.0,0.0,0.0,26.0,0.0,0.0,0.0,0.0,0.0,87.0,3.0,0.0,0.0,0.0,2.0,4.0,2.0,2.0,0.0,8.0,24.0,24.0
1406941204.011,02-08 10:00:04,0.210,0.503,96.354,2.934,0.0,0.0,164087808.0,0.0,0.0,0.0,5008.0,5008.0,5008.0,1.120,2.490,9.800,702730240.0,925696.0,4682444800.0,1.29844969472e+11,0.0,4.0,0.0,80141.0,0.0,0.0,4294963200.0,40521.0,80823.0,0.0,576.0,289938.0,0.0,0.0,26.0,0.0,0.0,0.0,0.0,0.0,87.0,3.0,0.0,0.0,0.0,2.0,4.0,2.0,2.0,0.0,8.0,25.0,24.0
1406941205.011,02-08 10:00:05,0.251,0.627,96.194,2.928,0.0,0.0,163868672.0,0.0,0.0,0.0,5000.0,5000.0,5001.0,1.350,2.520,9.770,702730240.0,925696.0,4682444800.0,1.29844969472e+11,0.0,4.0,0.0,79986.0,0.0,0.0,4294963200.0,40433.0,80672.0,0.0,576.0,289938.0,0.0,0.0,26.0,0.0,0.0,0.0,0.0,0.0,87.0,3.0,0.0,0.0,0.0,2.0,4.0,2.0,2.0,0.0,8.0,25.0,25.0
1406941206.011,02-08 10:00:06,0.335,0.502,96.234,2.929,0.0,0.0,162867200.0,0.0,0.0,0.0,4971.0,4971.0,4971.0,1.350,2.520,9.770,702726144.0,925696.0,4682448896.0,1.29844969472e+11,0.0,4.0,0.0,79550.0,0.0,0.0,4294963200.0,40213.0,80228.0,0.0,576.0,289938.0,0.0,0.0,26.0,0.0,0.0,0.0,0.0,0.0,87.0,3.0,0.0,0.0,0.0,2.0,4.0,2.0,2.0,0.0,8.0,24.0,26.0
1406941207.011,02-08 10:00:07,0.251,0.544,96.273,2.931,0.0,0.0,162048000.0,0.0,0.0,0.0,4946.0,4945.0,4945.0,1.350,2.520,9.770,702726144.0,925696.0,4682448896.0,1.29844969472e+11,1.0,3.0,0.0,79131.0,0.0,0.0,4294963200.0,39998.0,79811.0,0.0,576.0,289938.0,0.0,0.0,26.0,0.0,0.0,0.0,0.0,0.0,87.0,3.0,0.0,0.0,0.0,2.0,4.0,2.0,2.0,0.0,8.0,25.0,25.0
1406941208.011,02-08 10:00:08,0.168,0.545,96.355,2.933,0.0,0.0,163397632.0,0.0,0.0,0.0,4985.0,4986.0,4986.0,1.350,2.520,9.770,702726144.0,925696.0,4682448896.0,1.29844969472e+11,0.0,4.0,0.0,79761.0,0.0,0.0,4294963200.0,40301.0,80432.0,0.0,576.0,289938.0,0.0,0.0,26.0,0.0,0.0,0.0,0.0,0.0,87.0,3.0,0.0,0.0,0.0,2.0,4.0,2.0,2.0,0.0,8.0,25.0,24.0
1406941209.011,02-08 10:00:09,0.460,0.460,96.151,2.929,0.0,0.0,162742272.0,0.0,0.0,0.0,4968.0,4967.0,4967.0,1.350,2.520,9.770,702726144.0,925696.0,4682448896.0,1.29844969472e+11,0.0,4.0,0.0,79502.0,0.0,0.0,4294963200.0,40221.0,80190.0,0.0,576.0,289938.0,0.0,0.0,26.0,0.0,0.0,0.0,0.0,0.0,87.0,3.0,0.0,0.0,0.0,2.0,4.0,2.0,2.0,0.0,8.0,25.0,25.0
1406941210.011,02-08 10:00:10,0.251,0.711,96.110,2.928,0.0,0.0,162582528.0,0.0,0.0,0.0,4961.0,4962.0,4962.0,1.560,2.540,9.740,702726144.0,925696.0,4682448896.0,1.29844969472e+11,0.0,4.0,0.0,79366.0,0.0,0.0,4294963200.0,40154.0,80037.0,0.0,576.0,289938.0,0.0,0.0,26.0,0.0,0.0,0.0,0.0,0.0,87.0,3.0,0.0,0.0,0.0,2.0,4.0,2.0,2.0,0.0,8.0,24.0,26.0
1406941211.011,02-08 10:00:11,0.294,0.168,96.595,2.942,0.0,0.0,163608576.0,1617920.0,0.0,0.0,4992.0,4992.0,4992.0,1.560,2.540,9.740,702935040.0,925696.0,4682293248.0,1.29844916224e+11,1.0,3.0,0.0,79868.0,13.0,0.0,4294963200.0,40412.0,80580.0,0.0,576.0,289938.0,0.0,0.0,26.0,0.0,0.0,0.0,0.0,0.0,87.0,3.0,0.0,0.0,0.0,2.0,4.0,2.0,2.0,0.0,8.0,246.0,217.0
1406941212.011,02-08 10:00:12,0.377,0.544,96.192,2.887,0.0,0.0,165668864.0,0.0,0.0,0.0,5056.0,5056.0,5056.0,1.560,2.540,9.740,702980096.0,925696.0,4682448896.0,1.2984471552e+11,0.0,4.0,0.0,80908.0,0.0,0.0,4294963200.0,40942.0,81599.0,0.0,576.0,289938.0,0.0,0.0,26.0,0.0,0.0,0.0,0.0,0.0,87.0,3.0,0.0,0.0,0.0,2.0,4.0,2.0,2.0,0.0,8.0,24.0,24.0
1406941213.011,02-08 10:00:13,0.168,0.378,96.517,2.937,0.0,0.0,163543040.0,0.0,0.0,0.0,4991.0,4991.0,4991.0,1.560,2.540,9.740,702980096.0,925696.0,4682448896.0,1.2984471552e+11,0.0,4.0,0.0,79843.0,0.0,0.0,4294963200.0,40358.0,80514.0,0.0,576.0,289938.0,0.0,0.0,26.0,0.0,0.0,0.0,0.0,0.0,87.0,3.0,0.0,0.0,0.0,2.0,4.0,2.0,2.0,0.0,8.0,24.0,24.0
1406941214.011,02-08 10:00:14,0.460,0.585,96.030,2.925,0.0,0.0,161898496.0,0.0,0.0,0.0,4941.0,4941.0,4941.0,1.560,2.540,9.740,702980096.0,925696.0,4682448896.0,1.2984471552e+11,1.0,3.0,0.0,79047.0,0.0,0.0,4294963200.0,39972.0,79730.0,0.0,576.0,289938.0,0.0,0.0,26.0,0.0,0.0,0.0,0.0,0.0,87.0,3.0,0.0,0.0,0.0,2.0,4.0,2.0,2.0,0.0,8.0,25.0,27.0
1406941215.011,02-08 10:00:15,0.252,0.419,96.394,2.935,0.0,0.0,163289088.0,12288.0,0.0,0.0,4983.0,4983.0,4983.0,1.760,2.560,9.710,702996480.0,925696.0,4682448896.0,1.29844699136e+11,0.0,4.0,2.0,79728.0,2.0,0.0,4294963200.0,40329.0,80455.0,0.0,576.0,289938.0,0.0,0.0,26.0,0.0,0.0,0.0,0.0,0.0,87.0,3.0,0.0,0.0,0.0,2.0,4.0,2.0,2.0,0.0,8.0,33.0,27.0
1406941216.011,02-08 10:00:16,0.334,0.585,96.154,2.926,0.0,0.0,164859904.0,0.0,0.0,0.0,5031.0,5031.0,5031.0,1.760,2.560,9.710,702996480.0,925696.0,4682448896.0,1.29844699136e+11,0.0,4.0,0.0,80502.0,0.0,0.0,4294963200.0,40704.0,81175.0,0.0,576.0,289938.0,0.0,0.0,26.0,0.0,0.0,0.0,0.0,0.0,87.0,3.0,0.0,0.0,0.0,2.0,4.0,2.0,2.0,0.0,8.0,26.0,25.0
1406941217.011,02-08 10:00:17,0.584,0.584,95.912,2.920,0.0,0.0,164960256.0,0.0,0.0,0.0,5035.0,5034.0,5034.0,1.760,2.560,9.710,702996480.0,925696.0,4682448896.0,1.29844699136e+11,0.0,4.0,0.0,80565.0,0.0,0.0,4294963200.0,40732.0,81243.0,0.0,576.0,289938.0,0.0,0.0,26.0,0.0,0.0,0.0,0.0,0.0,87.0,3.0,0.0,0.0,0.0,2.0,4.0,2.0,2.0,0.0,8.0,24.0,24.0
1406941218.011,02-08 10:00:18,0.459,0.543,96.074,2.924,0.0,0.0,162510848.0,0.0,0.0,0.0,4957.0,4958.0,4958.0,1.760,2.560,9.710,702992384.0,925696.0,4682452992.0,1.29844699136e+11,0.0,4.0,0.0,79311.0,0.0,0.0,4294963200.0,40099.0,79994.0,0.0,576.0,289938.0,0.0,0.0,26.0,0.0,0.0,0.0,0.0,0.0,87.0,3.0,0.0,0.0,0.0,2.0,4.0,2.0,2.0,0.0,8.0,25.0,25.0
1406941219.011,02-08 10:00:19,0.251,0.503,96.313,2.933,0.0,0.0,165158912.0,0.0,0.0,0.0,5042.0,5042.0,5042.0,1.760,2.560,9.710,702992384.0,925696.0,4682452992.0,1.29844699136e+11,1.0,3.0,0.0,80685.0,0.0,0.0,4294963200.0,40777.0,81366.0,0.0,576.0,289938.0,0.0,0.0,26.0,0.0,0.0,0.0,0.0,0.0,87.0,3.0,0.0,0.0,0.0,2.0,4.0,2.0,2.0,0.0,8.0,24.0,31.0
1406941220.011,02-08 10:00:20,0.335,0.627,96.152,2.886,0.0,0.0,164220928.0,0.0,0.0,0.0,5012.0,5012.0,5012.0,1.940,2.590,9.670,702992384.0,925696.0,4682452992.0,1.29844699136e+11,1.0,3.0,0.0,80185.0,0.0,0.0,4294963200.0,40539.0,80870.0,0.0,576.0,289938.0,0.0,0.0,26.0,0.0,0.0,0.0,0.0,0.0,87.0,3.0,0.0,0.0,0.0,2.0,4.0,2.0,2.0,0.0,8.0,25.0,25.0
1406941221.011,02-08 10:00:21,0.375,0.751,95.953,2.920,0.0,0.0,165003264.0,0.0,0.0,0.0,5035.0,5035.0,5035.0,1.940,2.590,9.670,702992384.0,925696.0,4682452992.0,1.29844699136e+11,0.0,4.0,0.0,80552.0,0.0,0.0,4294963200.0,40725.0,81228.0,0.0,576.0,289938.0,0.0,0.0,26.0,0.0,0.0,0.0,0.0,0.0,87.0,3.0,0.0,0.0,0.0,2.0,4.0,2.0,2.0,0.0,8.0,24.0,24.0
1406941222.011,02-08 10:00:22,0.168,0.378,96.514,2.940,0.0,0.0,162988032.0,0.0,0.0,0.0,4975.0,4974.0,4974.0,1.940,2.590,9.670,702992384.0,925696.0,4682452992.0,1.29844699136e+11,0.0,4.0,0.0,79602.0,0.0,0.0,4294963200.0,40262.0,80288.0,0.0,576.0,289938.0,0.0,0.0,26.0,0.0,0.0,0.0,0.0,0.0,87.0,3.0,0.0,0.0,0.0,2.0,4.0,2.0,2.0,0.0,8.0,24.0,24.0
1406941223.011,02-08 10:00:23,0.335,0.377,96.315,2.931,0.0,0.042,161490944.0,0.0,0.0,0.0,4927.0,4928.0,4928.0,1.940,2.590,9.670,702992384.0,925696.0,4682452992.0,1.29844699136e+11,1.0,4.0,0.0,78834.0,0.0,0.0,4294963200.0,39849.0,79513.0,0.0,576.0,289938.0,0.0,0.0,26.0,0.0,0.0,0.0,0.0,0.0,87.0,3.0,0.0,0.0,0.0,2.0,4.0,2.0,2.0,0.0,8.0,25.0,47.0
1406941224.011,02-08 10:00:24,0.335,0.502,96.192,2.971,0.0,0.0,161730560.0,0.0,0.0,0.0,4936.0,4936.0,4936.0,1.940,2.590,9.670,702992384.0,925696.0,4682452992.0,1.29844699136e+11,0.0,4.0,0.0,78966.0,0.0,0.0,4294963200.0,39938.0,79645.0,0.0,576.0,289938.0,0.0,0.0,26.0,0.0,0.0,0.0,0.0,0.0,87.0,3.0,0.0,0.0,0.0,2.0,4.0,2.0,2.0,0.0,8.0,24.0,24.0
1406941225.011,02-08 10:00:25,0.210,0.336,96.517,2.937,0.0,0.0,161003520.0,0.0,0.0,0.0,4914.0,4914.0,4914.0,2.100,2.610,9.640,702992384.0,925696.0,4682452992.0,1.29844699136e+11,1.0,4.0,0.0,78662.0,0.0,0.0,4294963200.0,39781.0,79347.0,0.0,576.0,289938.0,0.0,0.0,26.0,0.0,0.0,0.0,0.0,0.0,87.0,3.0,0.0,0.0,0.0,2.0,4.0,2.0,2.0,0.0,8.0,25.0,25.0
1406941226.011,02-08 10:00:26,0.503,0.251,96.273,2.973,0.0,0.0,160006144.0,0.0,0.0,0.0,4883.0,4882.0,4882.0,2.100,2.610,9.640,702992384.0,925696.0,4682452992.0,1.29844699136e+11,0.0,4.0,0.0,78083.0,0.0,0.0,4294963200.0,39483.0,78757.0,0.0,576.0,289938.0,0.0,0.0,26.0,0.0,0.0,0.0,0.0,0.0,87.0,3.0,0.0,0.0,0.0,2.0,4.0,2.0,2.0,0.0,8.0,24.0,24.0
1406941227.011,02-08 10:00:27,0.168,0.503,96.396,2.934,0.0,0.0,160940032.0,0.0,0.0,0.0,4911.0,4912.0,4912.0,2.100,2.610,9.640,702992384.0,925696.0,4682452992.0,1.29844699136e+11,1.0,3.0,0.0,78589.0,0.0,0.0,4294963200.0,39750.0,79273.0,0.0,576.0,289938.0,0.0,0.0,26.0,0.0,0.0,0.0,0.0,0.0,87.0,3.0,0.0,0.0,0.0,2.0,4.0,2.0,2.0,0.0,8.0,25.0,30.0
1406941228.011,02-08 10:00:28,0.544,0.376,96.152,2.928,0.0,0.0,164220928.0,0.0,0.0,0.0,5012.0,5012.0,5012.0,2.100,2.610,9.640,702992384.0,925696.0,4682452992.0,1.29844699136e+11,0.0,4.0,0.0,80205.0,0.0,0.0,4294963200.0,40583.0,80886.0,0.0,576.0,289938.0,0.0,0.0,26.0,0.0,0.0,0.0,0.0,0.0,87.0,3.0,0.0,0.0,0.0,2.0,4.0,2.0,2.0,0.0,8.0,25.0,24.0
1406941229.011,02-08 10:00:29,0.292,0.752,96.032,2.924,0.0,0.0,161566720.0,0.0,0.0,0.0,4930.0,4930.0,4930.0,2.100,2.610,9.640,702992384.0,925696.0,4682452992.0,1.29844699136e+11,1.0,4.0,0.0,78866.0,0.0,0.0,4294963200.0,40745.0,79541.0,0.0,576.0,289938.0,0.0,0.0,26.0,0.0,0.0,0.0,0.0,0.0,87.0,3.0,0.0,0.0,0.0,2.0,4.0,2.0,2.0,0.0,8.0,25.0,25.0
1406941230.011,02-08 10:00:30,0.377,0.335,96.354,2.934,0.0,0.0,162859008.0,0.0,0.0,0.0,4970.0,4970.0,4970.0,2.250,2.630,9.610,702988288.0,925696.0,4682457088.0,1.29844699136e+11,0.0,4.0,0.0,79521.0,0.0,0.0,4294963200.0,43893.0,80201.0,0.0,576.0,289938.0,0.0,0.0,26.0,0.0,0.0,0.0,0.0,0.0,87.0,3.0,0.0,0.0,0.0,2.0,4.0,2.0,2.0,0.0,8.0,27.0,25.0
1406941231.011,02-08 10:00:31,0.460,0.543,96.030,2.967,0.0,0.0,162170880.0,0.0,0.0,0.0,4949.0,4949.0,4949.0,2.250,2.630,9.610,702988288.0,925696.0,4682457088.0,1.29844699136e+11,0.0,4.0,0.0,79204.0,0.0,0.0,4294963200.0,42141.0,79912.0,0.0,576.0,289938.0,0.0,0.0,26.0,0.0,0.0,0.0,0.0,0.0,87.0,3.0,0.0,0.0,0.0,2.0,4.0,2.0,2.0,0.0,8.0,25.0,25.0
1406941232.011,02-08 10:00:32,0.167,0.628,96.275,2.930,0.0,0.0,160993280.0,0.0,0.0,0.0,4914.0,4913.0,4913.0,2.250,2.630,9.610,702988288.0,925696.0,4682457088.0,1.29844699136e+11,0.0,4.0,0.0,78591.0,0.0,0.0,4294963200.0,39711.0,79252.0,0.0,576.0,289938.0,0.0,0.0,26.0,0.0,0.0,0.0,0.0,0.0,87.0,3.0,0.0,0.0,0.0,2.0,4.0,2.0,2.0,0.0,8.0,24.0,24.0
1406941233.011,02-08 10:00:33,0.292,0.668,96.074,2.966,0.0,0.0,160049152.0,0.0,0.0,0.0,4884.0,4885.0,4885.0,2.250,2.630,9.610,702988288.0,925696.0,4682457088.0,1.29844699136e+11,0.0,4.0,0.0,78150.0,0.0,0.0,4294963200.0,39492.0,78830.0,0.0,576.0,289938.0,0.0,0.0,26.0,0.0,0.0,0.0,0.0,0.0,87.0,3.0,0.0,0.0,0.0,2.0,4.0,2.0,2.0,0.0,8.0,24.0,24.0
1406941234.011,02-08 10:00:34,0.167,0.753,96.151,2.929,0.0,0.0,159983616.0,0.0,0.0,0.0,4883.0,4882.0,4882.0,2.250,2.630,9.610,702988288.0,925696.0,4682457088.0,1.29844699136e+11,0.0,4.0,0.0,78135.0,0.0,0.0,4294963200.0,39492.0,78828.0,0.0,576.0,289938.0,0.0,0.0,26.0,0.0,0.0,0.0,0.0,0.0,87.0,3.0,0.0,0.0,0.0,2.0,4.0,2.0,2.0,0.0,8.0,25.0,25.0
1406941235.011,02-08 10:00:35,0.376,0.627,96.032,2.966,0.0,0.0,163504128.0,0.0,0.0,0.0,4989.0,4990.0,4990.0,2.470,2.670,9.590,702988288.0,925696.0,4682457088.0,1.29844699136e+11,0.0,4.0,0.0,79820.0,0.0,0.0,4294963200.0,40398.0,80499.0,0.0,576.0,289938.0,0.0,0.0,26.0,0.0,0.0,0.0,0.0,0.0,87.0,3.0,0.0,0.0,0.0,2.0,4.0,2.0,2.0,0.0,8.0,24.0,24.0
1406941236.011,02-08 10:00:36,0.377,0.502,96.192,2.929,0.0,0.0,162320384.0,0.0,0.0,0.0,4954.0,4954.0,4954.0,2.470,2.670,9.590,702988288.0,925696.0,4682457088.0,1.29844699136e+11,0.0,4.0,0.0,79276.0,0.0,0.0,4294963200.0,40114.0,79973.0,0.0,576.0,289938.0,0.0,0.0,26.0,0.0,0.0,0.0,0.0,0.0,87.0,3.0,0.0,0.0,0.0,2.0,4.0,2.0,2.0,0.0,8.0,25.0,25.0
1406941237.011,02-08 10:00:37,0.667,0.542,95.873,2.918,0.0,0.0,164245504.0,0.0,0.0,0.0,5012.0,5012.0,5012.0,2.470,2.670,9.590,702988288.0,925696.0,4682457088.0,1.29844699136e+11,0.0,4.0,0.0,80194.0,0.0,0.0,4294963200.0,40547.0,80851.0,0.0,576.0,289938.0,0.0,0.0,26.0,0.0,0.0,0.0,0.0,0.0,87.0,3.0,0.0,0.0,0.0,2.0,4.0,2.0,2.0,0.0,8.0,24.0,24.0
1406941238.011,02-08 10:00:38,0.501,0.543,95.993,2.922,0.0,0.042,164376576.0,0.0,0.0,0.0,5016.0,5016.0,5016.0,2.470,2.670,9.590,702988288.0,925696.0,4682457088.0,1.29844699136e+11,0.0,4.0,0.0,80246.0,0.0,0.0,4294963200.0,40587.0,80940.0,0.0,576.0,289938.0,0.0,0.0,26.0,0.0,0.0,0.0,0.0,0.0,87.0,3.0,0.0,0.0,0.0,2.0,4.0,2.0,2.0,0.0,8.0,26.0,25.0
1406941239.011,02-08 10:00:39,0.334,0.668,96.032,2.966,0.0,0.0,161542144.0,0.0,0.0,0.0,4930.0,4930.0,4930.0,2.470,2.670,9.590,702988288.0,925696.0,4682457088.0,1.29844699136e+11,1.0,3.0,0.0,78882.0,0.0,0.0,4294963200.0,39883.0,79555.0,0.0,576.0,289938.0,0.0,0.0,26.0,0.0,0.0,0.0,0.0,0.0,87.0,3.0,0.0,0.0,0.0,2.0,4.0,2.0,2.0,0.0,8.0,24.0,24.0
1406941240.011,02-08 10:00:40,0.084,0.629,96.354,2.934,0.0,0.0,161402880.0,0.0,0.0,0.0,4926.0,4926.0,4926.0,2.600,2.700,9.560,702988288.0,925696.0,4682457088.0,1.29844699136e+11,0.0,4.0,0.0,78808.0,0.0,0.0,4294963200.0,39842.0,79496.0,0.0,576.0,289938.0,0.0,0.0,26.0,0.0,0.0,0.0,0.0,0.0,87.0,3.0,0.0,0.0,0.0,2.0,4.0,2.0,2.0,0.0,8.0,26.0,25.0
1406941241.011,02-08 10:00:41,0.293,0.669,96.110,2.928,0.0,0.0,163373056.0,0.0,0.0,0.0,4986.0,4986.0,4986.0,2.600,2.700,9.560,702980096.0,925696.0,4682457088.0,1.29844707328e+11,0.0,4.0,0.0,79788.0,0.0,0.0,4294963200.0,40353.0,80474.0,0.0,576.0,289938.0,0.0,0.0,26.0,0.0,0.0,0.0,0.0,0.0,87.0,3.0,0.0,0.0,0.0,2.0,4.0,2.0,2.0,0.0,8.0,24.0,26.0
1406941242.011,02-08 10:00:42,0.335,0.460,96.234,2.971,0.0,0.0,158965760.0,0.0,0.0,0.0,4851.0,4851.0,4850.0,2.600,2.700,9.560,702976000.0,925696.0,4682461184.0,1.29844707328e+11,0.0,4.0,0.0,77599.0,0.0,0.0,4294963200.0,39241.0,78284.0,0.0,576.0,289938.0,0.0,0.0,26.0,0.0,0.0,0.0,0.0,0.0,87.0,3.0,0.0,0.0,0.0,2.0,4.0,2.0,2.0,0.0,8.0,24.0,24.0
1406941243.011,02-08 10:00:43,0.376,0.627,96.074,2.924,0.0,0.0,160073728.0,0.0,0.0,0.0,4885.0,4885.0,4886.0,2.600,2.700,9.560,702976000.0,925696.0,4682461184.0,1.29844707328e+11,0.0,4.0,0.0,78164.0,0.0,0.0,4294963200.0,39523.0,78841.0,0.0,576.0,289938.0,0.0,0.0,26.0,0.0,0.0,0.0,0.0,0.0,87.0,3.0,0.0,0.0,0.0,2.0,4.0,2.0,2.0,0.0,8.0,25.0,27.0
1406941244.011,02-08 10:00:44,0.251,0.586,96.191,2.972,0.0,0.0,159944704.0,0.0,0.0,0.0,4881.0,4881.0,4881.0,2.600,2.700,9.560,702976000.0,925696.0,4682461184.0,1.29844707328e+11,0.0,4.0,0.0,78094.0,0.0,0.0,4294963200.0,39475.0,78777.0,0.0,576.0,289938.0,0.0,0.0,26.0,0.0,0.0,0.0,0.0,0.0,87.0,3.0,0.0,0.0,0.0,2.0,4.0,2.0,2.0,0.0,8.0,24.0,24.0
1406941245.011,02-08 10:00:45,0.375,0.792,95.913,2.919,0.0,0.0,163969024.0,0.0,0.0,0.0,5004.0,5004.0,5004.0,2.710,2.720,9.530,702976000.0,925696.0,4682461184.0,1.29844707328e+11,1.0,3.0,0.0,80073.0,0.0,0.0,4294963200.0,40482.0,80755.0,0.0,576.0,289938.0,0.0,0.0,26.0,0.0,0.0,0.0,0.0,0.0,87.0,3.0,0.0,0.0,0.0,2.0,4.0,2.0,2.0,0.0,8.0,25.0,25.0
1406941246.011,02-08 10:00:46,0.376,0.627,96.070,2.926,0.0,0.0,162940928.0,1486848.0,0.0,0.0,4973.0,4973.0,4973.0,2.710,2.720,9.530,703184896.0,925696.0,4682305536.0,1.2984465408e+11,0.0,4.0,0.0,79572.0,17.0,0.0,4294963200.0,40279.0,80302.0,0.0,576.0,289938.0,0.0,0.0,26.0,0.0,0.0,0.0,0.0,0.0,87.0,3.0,0.0,0.0,0.0,2.0,4.0,2.0,2.0,0.0,8.0,249.0,216.0
1406941247.011,02-08 10:00:47,0.251,0.503,96.315,2.931,0.0,0.0,161196032.0,0.0,0.0,0.0,4919.0,4919.0,4918.0,2.710,2.720,9.530,702976000.0,925696.0,4682461184.0,1.29844707328e+11,0.0,4.0,0.0,78706.0,0.0,0.0,4294963200.0,39797.0,79396.0,0.0,576.0,289938.0,0.0,0.0,26.0,0.0,0.0,0.0,0.0,0.0,87.0,3.0,0.0,0.0,0.0,2.0,4.0,2.0,2.0,0.0,8.0,25.0,26.0
1406941248.011,02-08 10:00:48,0.209,0.544,96.315,2.931,0.0,0.0,163061760.0,0.0,0.0,0.0,4976.0,4976.0,4977.0,2.710,2.720,9.530,702976000.0,925696.0,4682461184.0,1.29844707328e+11,1.0,3.0,0.0,79601.0,0.0,0.0,4294963200.0,40249.0,80278.0,0.0,576.0,289938.0,0.0,0.0,26.0,0.0,0.0,0.0,0.0,0.0,87.0,3.0,0.0,0.0,0.0,2.0,4.0,2.0,2.0,0.0,8.0,24.0,24.0
1406941249.011,02-08 10:00:49,0.376,0.668,95.992,2.965,0.0,0.0,161220608.0,0.0,0.0,0.0,4920.0,4920.0,4920.0,2.710,2.720,9.530,702976000.0,925696.0,4682461184.0,1.29844707328e+11,0.0,4.0,0.0,78747.0,0.0,0.0,4294963200.0,39818.0,79433.0,0.0,576.0,289938.0,0.0,0.0,26.0,0.0,0.0,0.0,0.0,0.0,87.0,3.0,0.0,0.0,0.0,2.0,4.0,2.0,2.0,0.0,8.0,25.0,25.0
1406941250.011,02-08 10:00:50,0.293,0.586,96.236,2.886,0.0,0.0,153802752.0,8192.0,0.0,0.0,4692.0,4692.0,4692.0,2.810,2.740,9.500,702976000.0,925696.0,4682461184.0,1.29844707328e+11,0.0,0.0,0.0,74962.0,1.0,0.0,4294963200.0,37936.0,75643.0,0.0,576.0,289938.0,0.0,0.0,26.0,0.0,0.0,0.0,0.0,0.0,87.0,3.0,0.0,0.0,0.0,2.0,4.0,2.0,2.0,0.0,83.0,42.0,186.0
1406941251.011,02-08 10:00:51,0.042,0.0,99.958,0.0,0.0,0.0,0.0,0.0,0.0,0.0,0.0,0.0,0.0,2.810,2.740,9.500,704094208.0,925696.0,4653158400.0,1.29872891904e+11,0.0,0.0,3.0,0.0,0.0,0.0,4294963200.0,371.0,506.0,0.0,576.0,289921.0,0.0,0.0,25.0,0.0,0.0,0.0,0.0,0.0,87.0,3.0,0.0,0.0,0.0,2.0,4.0,2.0,2.0,0.0,938.0,312.0,7607.0
1406941252.011,02-08 10:00:52,0.042,0.0,99.958,0.0,0.0,0.0,0.0,0.0,0.0,0.0,0.0,0.0,0.0,2.810,2.740,9.500,703557632.0,925696.0,4653142016.0,1.29873444864e+11,0.0,0.0,0.0,0.0,0.0,0.0,4294963200.0,232.0,448.0,0.0,576.0,289921.0,0.0,0.0,25.0,0.0,0.0,0.0,0.0,0.0,87.0,3.0,0.0,0.0,0.0,2.0,4.0,2.0,2.0,0.0,4.0,14.0,14.0
1406941253.011,02-08 10:00:53,0.042,0.0,99.958,0.0,0.0,0.0,0.0,0.0,0.0,0.0,0.0,0.0,0.0,2.810,2.740,9.500,703557632.0,925696.0,4653142016.0,1.29873444864e+11,0.0,0.0,0.0,0.0,0.0,0.0,4294963200.0,227.0,436.0,0.0,576.0,289921.0,0.0,0.0,25.0,0.0,0.0,0.0,0.0,0.0,87.0,3.0,0.0,0.0,0.0,2.0,4.0,2.0,2.0,0.0,4.0,12.0,12.0
1406941254.011,02-08 10:00:54,0.042,0.0,99.958,0.0,0.0,0.0,0.0,0.0,0.0,0.0,0.0,0.0,0.0,2.810,2.740,9.500,703553536.0,925696.0,4653146112.0,1.29873444864e+11,0.0,0.0,0.0,0.0,0.0,0.0,4294963200.0,236.0,446.0,0.0,576.0,289921.0,0.0,0.0,25.0,0.0,0.0,0.0,0.0,0.0,87.0,3.0,0.0,0.0,0.0,2.0,4.0,2.0,2.0,0.0,4.0,13.0,13.0
1406941255.011,02-08 10:00:55,0.042,0.0,99.958,0.0,0.0,0.0,0.0,0.0,0.0,0.0,0.0,0.0,0.0,2.590,2.690,9.450,703426560.0,925696.0,4653146112.0,1.2987357184e+11,0.0,0.0,0.0,0.0,0.0,0.0,4294963200.0,232.0,446.0,0.0,576.0,289921.0,0.0,0.0,25.0,0.0,0.0,0.0,0.0,0.0,87.0,3.0,0.0,0.0,0.0,2.0,4.0,2.0,2.0,0.0,4.0,12.0,31.0
1406941256.011,02-08 10:00:56,0.042,0.0,99.917,0.042,0.0,0.0,0.0,0.0,0.0,0.0,0.0,0.0,0.0,2.590,2.690,9.450,703385600.0,925696.0,4653146112.0,1.298736128e+11,0.0,0.0,0.0,0.0,0.0,0.0,4294963200.0,234.0,451.0,0.0,576.0,289921.0,0.0,0.0,25.0,0.0,0.0,0.0,0.0,0.0,87.0,3.0,0.0,0.0,0.0,2.0,4.0,2.0,2.0,0.0,4.0,14.0,21.0
1406941257.011,02-08 10:00:57,0.042,0.0,99.958,0.0,0.0,0.0,0.0,0.0,0.0,0.0,0.0,0.0,0.0,2.590,2.690,9.450,703385600.0,925696.0,4653146112.0,1.298736128e+11,0.0,0.0,0.0,0.0,0.0,0.0,4294963200.0,231.0,448.0,0.0,576.0,289921.0,0.0,0.0,25.0,0.0,0.0,0.0,0.0,0.0,87.0,3.0,0.0,0.0,0.0,2.0,4.0,2.0,2.0,0.0,4.0,12.0,12.0
1406941258.011,02-08 10:00:58,0.042,0.0,99.958,0.0,0.0,0.0,0.0,0.0,0.0,0.0,0.0,0.0,0.0,2.590,2.690,9.450,703385600.0,925696.0,4653146112.0,1.298736128e+11,0.0,0.0,0.0,0.0,0.0,0.0,4294963200.0,233.0,450.0,0.0,576.0,289921.0,0.0,0.0,25.0,0.0,0.0,0.0,0.0,0.0,87.0,3.0,0.0,0.0,0.0,2.0,4.0,2.0,2.0,0.0,4.0,13.0,13.0
1406941259.011,02-08 10:00:59,0.042,0.0,99.958,0.0,0.0,0.0,0.0,0.0,0.0,0.0,0.0,0.0,0.0,2.590,2.690,9.450,703385600.0,925696.0,4653146112.0,1.298736128e+11,0.0,0.0,0.0,0.0,0.0,0.0,4294963200.0,231.0,442.0,0.0,576.0,289921.0,0.0,0.0,25.0,0.0,0.0,0.0,0.0,0.0,87.0,3.0,0.0,0.0,0.0,2.0,4.0,2.0,2.0,0.0,4.0,12.0,29.0
1406941260.011,02-08 10:01:00,0.042,0.0,99.958,0.0,0.0,0.0,0.0,0.0,0.0,0.0,0.0,0.0,0.0,2.380,2.650,9.400,703385600.0,925696.0,4653146112.0,1.298736128e+11,0.0,0.0,0.0,0.0,0.0,0.0,4294963200.0,239.0,454.0,0.0,576.0,289921.0,0.0,0.0,25.0,0.0,0.0,0.0,0.0,0.0,87.0,3.0,0.0,0.0,0.0,2.0,4.0,2.0,2.0,0.0,4.0,13.0,13.0
1406941261.011,02-08 10:01:01,0.042,0.0,99.958,0.0,0.0,0.0,0.0,0.0,0.0,0.0,0.0,0.0,0.0,2.380,2.650,9.400,703131648.0,925696.0,4653146112.0,1.29873866752e+11,0.0,0.0,0.0,0.0,0.0,0.0,4294963200.0,233.0,446.0,0.0,576.0,289921.0,0.0,0.0,25.0,0.0,0.0,0.0,0.0,0.0,87.0,3.0,0.0,0.0,0.0,2.0,4.0,2.0,2.0,0.0,4.0,13.0,13.0
1406941262.011,02-08 10:01:02,0.042,0.0,99.958,0.0,0.0,0.0,0.0,0.0,0.0,0.0,0.0,0.0,0.0,2.380,2.650,9.400,703131648.0,925696.0,4653146112.0,1.29873866752e+11,0.0,0.0,0.0,0.0,0.0,0.0,4294963200.0,230.0,442.0,0.0,576.0,289921.0,0.0,0.0,25.0,0.0,0.0,0.0,0.0,0.0,87.0,3.0,0.0,0.0,0.0,2.0,4.0,2.0,2.0,0.0,4.0,12.0,12.0
1406941263.011,02-08 10:01:03,0.042,0.0,99.958,0.0,0.0,0.0,0.0,0.0,0.0,0.0,0.0,0.0,0.0,2.380,2.650,9.400,703131648.0,925696.0,4653146112.0,1.29873866752e+11,0.0,0.0,0.0,0.0,0.0,0.0,4294963200.0,233.0,452.0,0.0,576.0,289921.0,0.0,0.0,25.0,0.0,0.0,0.0,0.0,0.0,87.0,3.0,0.0,0.0,0.0,2.0,4.0,2.0,2.0,0.0,4.0,13.0,16.0
1406941264.011,02-08 10:01:04,0.042,0.0,99.958,0.0,0.0,0.0,0.0,0.0,0.0,0.0,0.0,0.0,0.0,2.380,2.650,9.400,703131648.0,925696.0,4653146112.0,1.29873866752e+11,0.0,0.0,0.0,0.0,0.0,0.0,4294963200.0,230.0,440.0,0.0,576.0,289921.0,0.0,0.0,25.0,0.0,0.0,0.0,0.0,0.0,87.0,3.0,0.0,0.0,0.0,2.0,4.0,2.0,2.0,0.0,4.0,12.0,12.0
1406941265.011,02-08 10:01:05,0.042,0.0,99.917,0.042,0.0,0.0,0.0,0.0,0.0,0.0,0.0,0.0,0.0,2.190,2.600,9.350,703131648.0,925696.0,4653146112.0,1.29873866752e+11,0.0,0.0,0.0,0.0,0.0,0.0,4294963200.0,239.0,454.0,0.0,576.0,289921.0,0.0,0.0,25.0,0.0,0.0,0.0,0.0,0.0,87.0,3.0,0.0,0.0,0.0,2.0,4.0,2.0,2.0,0.0,4.0,14.0,21.0
